1.000000000000000000e+01
7.400000000000000000e+01
1.690000000000000000e+02
2.690000000000000000e+02
3.600000000000000000e+02
4.580000000000000000e+02
5.420000000000000000e+02
6.320000000000000000e+02
7.240000000000000000e+02
8.150000000000000000e+02
9.050000000000000000e+02
9.910000000000000000e+02
1.078000000000000000e+03
1.170000000000000000e+03
1.259000000000000000e+03
1.344000000000000000e+03
1.427000000000000000e+03
1.514000000000000000e+03
1.588000000000000000e+03
1.680000000000000000e+03
1.769000000000000000e+03
1.843000000000000000e+03
1.928000000000000000e+03
2.004000000000000000e+03
2.081000000000000000e+03
2.167000000000000000e+03
2.233000000000000000e+03
2.307000000000000000e+03
2.385000000000000000e+03
2.465000000000000000e+03
2.551000000000000000e+03
2.634000000000000000e+03
2.710000000000000000e+03
2.786000000000000000e+03
2.866000000000000000e+03
2.955000000000000000e+03
3.028000000000000000e+03
3.103000000000000000e+03
3.184000000000000000e+03
3.262000000000000000e+03
3.346000000000000000e+03
3.414000000000000000e+03
3.495000000000000000e+03
3.575000000000000000e+03
3.653000000000000000e+03
3.725000000000000000e+03
3.795000000000000000e+03
3.860000000000000000e+03
3.937000000000000000e+03
4.007000000000000000e+03
4.081000000000000000e+03
4.150000000000000000e+03
4.222000000000000000e+03
4.301000000000000000e+03
4.378000000000000000e+03
4.457000000000000000e+03
4.524000000000000000e+03
4.600000000000000000e+03
4.672000000000000000e+03
4.742000000000000000e+03
4.823000000000000000e+03
4.901000000000000000e+03
4.985000000000000000e+03
5.060000000000000000e+03
5.132000000000000000e+03
5.213000000000000000e+03
5.287000000000000000e+03
5.354000000000000000e+03
5.432000000000000000e+03
5.513000000000000000e+03
5.592000000000000000e+03
5.667000000000000000e+03
5.743000000000000000e+03
5.817000000000000000e+03
5.882000000000000000e+03
5.960000000000000000e+03
6.031000000000000000e+03
6.102000000000000000e+03
6.168000000000000000e+03
6.247000000000000000e+03
6.326000000000000000e+03
6.392000000000000000e+03
6.458000000000000000e+03
6.526000000000000000e+03
6.592000000000000000e+03
6.666000000000000000e+03
6.729000000000000000e+03
6.794000000000000000e+03
6.871000000000000000e+03
6.951000000000000000e+03
7.015000000000000000e+03
7.080000000000000000e+03
7.141000000000000000e+03
7.206000000000000000e+03
7.277000000000000000e+03
7.351000000000000000e+03
7.421000000000000000e+03
7.482000000000000000e+03
7.560000000000000000e+03
7.629000000000000000e+03
7.707000000000000000e+03
7.773000000000000000e+03
7.848000000000000000e+03
7.917000000000000000e+03
7.984000000000000000e+03
8.056000000000000000e+03
8.118000000000000000e+03
8.187000000000000000e+03
8.248000000000000000e+03
8.314000000000000000e+03
8.386000000000000000e+03
8.455000000000000000e+03
8.536000000000000000e+03
8.606000000000000000e+03
8.683000000000000000e+03
8.756000000000000000e+03
8.825000000000000000e+03
8.881000000000000000e+03
8.952000000000000000e+03
9.018000000000000000e+03
9.083000000000000000e+03
9.151000000000000000e+03
9.219000000000000000e+03
9.298000000000000000e+03
9.379000000000000000e+03
9.459000000000000000e+03
9.521000000000000000e+03
9.582000000000000000e+03
9.635000000000000000e+03
9.703000000000000000e+03
9.774000000000000000e+03
9.829000000000000000e+03
9.891000000000000000e+03
9.950000000000000000e+03
1.000700000000000000e+04
1.007600000000000000e+04
1.013200000000000000e+04
1.019900000000000000e+04
1.026200000000000000e+04
1.032100000000000000e+04
1.039500000000000000e+04
1.046300000000000000e+04
1.053300000000000000e+04
1.060100000000000000e+04
1.067000000000000000e+04
1.074500000000000000e+04
1.080600000000000000e+04
1.086900000000000000e+04
1.093700000000000000e+04
1.100600000000000000e+04
1.106400000000000000e+04
1.112600000000000000e+04
1.117000000000000000e+04
1.122800000000000000e+04
1.128300000000000000e+04
1.135400000000000000e+04
1.141900000000000000e+04
1.148400000000000000e+04
1.154500000000000000e+04
1.160000000000000000e+04
1.166100000000000000e+04
1.172700000000000000e+04
1.178300000000000000e+04
1.184300000000000000e+04
1.189900000000000000e+04
1.196900000000000000e+04
1.202900000000000000e+04
1.208900000000000000e+04
1.214400000000000000e+04
1.221200000000000000e+04
1.228400000000000000e+04
1.233900000000000000e+04
1.240400000000000000e+04
1.246800000000000000e+04
1.252300000000000000e+04
1.258300000000000000e+04
1.264600000000000000e+04
1.270800000000000000e+04
1.277400000000000000e+04
1.284000000000000000e+04
1.289400000000000000e+04
1.295100000000000000e+04
1.302000000000000000e+04
1.308300000000000000e+04
1.314700000000000000e+04
1.321300000000000000e+04
1.326600000000000000e+04
1.333600000000000000e+04
1.339000000000000000e+04
1.345400000000000000e+04
1.351300000000000000e+04
1.356500000000000000e+04
1.361900000000000000e+04
1.368300000000000000e+04
1.374900000000000000e+04
1.381200000000000000e+04
1.387900000000000000e+04
1.394500000000000000e+04
1.401700000000000000e+04
1.407400000000000000e+04
1.414400000000000000e+04
1.420300000000000000e+04
1.425400000000000000e+04
1.431700000000000000e+04
1.437300000000000000e+04
1.444700000000000000e+04
1.451100000000000000e+04
1.456400000000000000e+04
1.463100000000000000e+04
1.468800000000000000e+04
1.475700000000000000e+04
1.480700000000000000e+04
1.486100000000000000e+04
1.493800000000000000e+04
1.499400000000000000e+04
1.505700000000000000e+04
1.511100000000000000e+04
1.518000000000000000e+04
1.524600000000000000e+04
1.531200000000000000e+04
1.538300000000000000e+04
1.544400000000000000e+04
1.550000000000000000e+04
1.556300000000000000e+04
1.562200000000000000e+04
1.569200000000000000e+04
1.574500000000000000e+04
1.581600000000000000e+04
1.587400000000000000e+04
1.591800000000000000e+04
1.598300000000000000e+04
1.604100000000000000e+04
1.609900000000000000e+04
1.617000000000000000e+04
1.623700000000000000e+04
1.630300000000000000e+04
1.636900000000000000e+04
1.641200000000000000e+04
1.646900000000000000e+04
1.653100000000000000e+04
1.658600000000000000e+04
1.664100000000000000e+04
1.669600000000000000e+04
1.675600000000000000e+04
1.681200000000000000e+04
1.688000000000000000e+04
1.692600000000000000e+04
1.697100000000000000e+04
1.702200000000000000e+04
1.708100000000000000e+04
1.714000000000000000e+04
1.720100000000000000e+04
1.726000000000000000e+04
1.731100000000000000e+04
1.736400000000000000e+04
1.743000000000000000e+04
1.747200000000000000e+04
1.753000000000000000e+04
1.757800000000000000e+04
1.763200000000000000e+04
1.769200000000000000e+04
1.775000000000000000e+04
1.780000000000000000e+04
1.786100000000000000e+04
1.791700000000000000e+04
1.798300000000000000e+04
1.803200000000000000e+04
1.808600000000000000e+04
1.814000000000000000e+04
1.818800000000000000e+04
1.825500000000000000e+04
1.831200000000000000e+04
1.836400000000000000e+04
1.842900000000000000e+04
1.848200000000000000e+04
1.854100000000000000e+04
1.859700000000000000e+04
1.867100000000000000e+04
1.872200000000000000e+04
1.879700000000000000e+04
1.886000000000000000e+04
1.891200000000000000e+04
1.897300000000000000e+04
1.903600000000000000e+04
1.910100000000000000e+04
1.916000000000000000e+04
1.921000000000000000e+04
1.926800000000000000e+04
1.932300000000000000e+04
1.939000000000000000e+04
1.944800000000000000e+04
1.950500000000000000e+04
1.955900000000000000e+04
1.961300000000000000e+04
1.967400000000000000e+04
1.974000000000000000e+04
1.978700000000000000e+04
1.984100000000000000e+04
1.989400000000000000e+04
1.994800000000000000e+04
2.000300000000000000e+04
2.004800000000000000e+04
2.010000000000000000e+04
2.016100000000000000e+04
2.022800000000000000e+04
2.028300000000000000e+04
2.033600000000000000e+04
2.040300000000000000e+04
2.046300000000000000e+04
2.053500000000000000e+04
2.058800000000000000e+04
2.064000000000000000e+04
2.069400000000000000e+04
2.074700000000000000e+04
2.079200000000000000e+04
2.085000000000000000e+04
2.089700000000000000e+04
2.095000000000000000e+04
2.100400000000000000e+04
2.107000000000000000e+04
2.112400000000000000e+04
2.116600000000000000e+04
2.121400000000000000e+04
2.126400000000000000e+04
2.131600000000000000e+04
2.136800000000000000e+04
2.141800000000000000e+04
2.147400000000000000e+04
2.151200000000000000e+04
2.157300000000000000e+04
2.163100000000000000e+04
2.168000000000000000e+04
2.172800000000000000e+04
2.178400000000000000e+04
2.184600000000000000e+04
2.189500000000000000e+04
2.195100000000000000e+04
2.199200000000000000e+04
2.204400000000000000e+04
2.210600000000000000e+04
2.216900000000000000e+04
2.222100000000000000e+04
2.226900000000000000e+04
2.231700000000000000e+04
2.236400000000000000e+04
2.242900000000000000e+04
2.248000000000000000e+04
2.252600000000000000e+04
2.257000000000000000e+04
2.262700000000000000e+04
2.268200000000000000e+04
2.272300000000000000e+04
2.278400000000000000e+04
2.282900000000000000e+04
2.288000000000000000e+04
2.293300000000000000e+04
2.298000000000000000e+04
2.301900000000000000e+04
2.306500000000000000e+04
2.312100000000000000e+04
2.316500000000000000e+04
2.321400000000000000e+04
2.327400000000000000e+04
2.333800000000000000e+04
2.339500000000000000e+04
2.345700000000000000e+04
2.350200000000000000e+04
2.355800000000000000e+04
2.361600000000000000e+04
2.366700000000000000e+04
2.372500000000000000e+04
2.378200000000000000e+04
2.382900000000000000e+04
2.388600000000000000e+04
2.394900000000000000e+04
2.401500000000000000e+04
2.407200000000000000e+04
2.411800000000000000e+04
2.416800000000000000e+04
2.421000000000000000e+04
2.426800000000000000e+04
2.430600000000000000e+04
2.436300000000000000e+04
2.442600000000000000e+04
2.447100000000000000e+04
2.453400000000000000e+04
2.457500000000000000e+04
2.462400000000000000e+04
2.466900000000000000e+04
2.471200000000000000e+04
2.476300000000000000e+04
2.481900000000000000e+04
2.487300000000000000e+04
2.492400000000000000e+04
2.497500000000000000e+04
2.503300000000000000e+04
2.508100000000000000e+04
2.513500000000000000e+04
2.519600000000000000e+04
2.524200000000000000e+04
2.529900000000000000e+04
2.535100000000000000e+04
2.538500000000000000e+04
2.544500000000000000e+04
2.549200000000000000e+04
2.554500000000000000e+04
2.558200000000000000e+04
2.561600000000000000e+04
2.565500000000000000e+04
2.570100000000000000e+04
2.575200000000000000e+04
2.580200000000000000e+04
2.585500000000000000e+04
2.589000000000000000e+04
2.594200000000000000e+04
2.599400000000000000e+04
2.603500000000000000e+04
2.607900000000000000e+04
2.612800000000000000e+04
2.617100000000000000e+04
2.622500000000000000e+04
2.627300000000000000e+04
2.632200000000000000e+04
2.637500000000000000e+04
2.643100000000000000e+04
2.649700000000000000e+04
2.653600000000000000e+04
2.658700000000000000e+04
2.663500000000000000e+04
2.668500000000000000e+04
2.674100000000000000e+04
2.679100000000000000e+04
2.683900000000000000e+04
2.688000000000000000e+04
2.693400000000000000e+04
2.698900000000000000e+04
2.703600000000000000e+04
2.709300000000000000e+04
2.714400000000000000e+04
2.719400000000000000e+04
2.724700000000000000e+04
2.728600000000000000e+04
2.733800000000000000e+04
2.738700000000000000e+04
2.744900000000000000e+04
2.750300000000000000e+04
2.755200000000000000e+04
2.759300000000000000e+04
2.763900000000000000e+04
2.769400000000000000e+04
2.773500000000000000e+04
2.777300000000000000e+04
2.780500000000000000e+04
2.784000000000000000e+04
2.788400000000000000e+04
2.792700000000000000e+04
2.798300000000000000e+04
2.803900000000000000e+04
2.808900000000000000e+04
2.814800000000000000e+04
2.820900000000000000e+04
2.824900000000000000e+04
2.830400000000000000e+04
2.836000000000000000e+04
2.839900000000000000e+04
2.846000000000000000e+04
2.851100000000000000e+04
2.855300000000000000e+04
2.860800000000000000e+04
2.865800000000000000e+04
2.871100000000000000e+04
2.875100000000000000e+04
2.879800000000000000e+04
2.884500000000000000e+04
2.889800000000000000e+04
2.894700000000000000e+04
2.899300000000000000e+04
2.903500000000000000e+04
2.908600000000000000e+04
2.913200000000000000e+04
2.918600000000000000e+04
2.922300000000000000e+04
2.926600000000000000e+04
2.931100000000000000e+04
2.935400000000000000e+04
2.940200000000000000e+04
2.944700000000000000e+04
2.949500000000000000e+04
2.953700000000000000e+04
2.957900000000000000e+04
2.963800000000000000e+04
2.968400000000000000e+04
2.973300000000000000e+04
2.978600000000000000e+04
2.983800000000000000e+04
2.989000000000000000e+04
2.992500000000000000e+04
2.997500000000000000e+04
3.001900000000000000e+04
3.005800000000000000e+04
3.010400000000000000e+04
3.014500000000000000e+04
3.018600000000000000e+04
3.024000000000000000e+04
3.029900000000000000e+04
3.034300000000000000e+04
3.038300000000000000e+04
3.042600000000000000e+04
3.046900000000000000e+04
3.050600000000000000e+04
3.055300000000000000e+04
3.060300000000000000e+04
3.063300000000000000e+04
3.068100000000000000e+04
3.072000000000000000e+04
3.076100000000000000e+04
3.080200000000000000e+04
3.084400000000000000e+04
3.088700000000000000e+04
3.093300000000000000e+04
3.098500000000000000e+04
3.102200000000000000e+04
3.107300000000000000e+04
3.111400000000000000e+04
3.116300000000000000e+04
3.121400000000000000e+04
3.125700000000000000e+04
3.130300000000000000e+04
3.135900000000000000e+04
3.140100000000000000e+04
3.145300000000000000e+04
3.149700000000000000e+04
3.153300000000000000e+04
3.157800000000000000e+04
3.161400000000000000e+04
3.165200000000000000e+04
3.168500000000000000e+04
3.172200000000000000e+04
3.177600000000000000e+04
3.181800000000000000e+04
3.186100000000000000e+04
3.189700000000000000e+04
3.194400000000000000e+04
3.198900000000000000e+04
3.203800000000000000e+04
3.208900000000000000e+04
3.213600000000000000e+04
3.219100000000000000e+04
3.223700000000000000e+04
3.229100000000000000e+04
3.234600000000000000e+04
3.239800000000000000e+04
3.244000000000000000e+04
3.248700000000000000e+04
3.253400000000000000e+04
3.258200000000000000e+04
3.262200000000000000e+04
3.266600000000000000e+04
3.271200000000000000e+04
3.275800000000000000e+04
3.281600000000000000e+04
3.284800000000000000e+04
3.289300000000000000e+04
3.294200000000000000e+04
3.298700000000000000e+04
3.304400000000000000e+04
3.308200000000000000e+04
3.313000000000000000e+04
3.317100000000000000e+04
3.321700000000000000e+04
3.325900000000000000e+04
3.329700000000000000e+04
3.332800000000000000e+04
3.337600000000000000e+04
3.343300000000000000e+04
3.349100000000000000e+04
3.352600000000000000e+04
3.357000000000000000e+04
3.360600000000000000e+04
3.365000000000000000e+04
3.370800000000000000e+04
3.374400000000000000e+04
3.378200000000000000e+04
3.381800000000000000e+04
3.387100000000000000e+04
3.391900000000000000e+04
3.395900000000000000e+04
3.399300000000000000e+04
3.405400000000000000e+04
3.409500000000000000e+04
3.414600000000000000e+04
3.418800000000000000e+04
3.422900000000000000e+04
3.427100000000000000e+04
3.431400000000000000e+04
3.435600000000000000e+04
3.439700000000000000e+04
3.444000000000000000e+04
3.448900000000000000e+04
3.453900000000000000e+04
3.458900000000000000e+04
3.463300000000000000e+04
3.467600000000000000e+04
3.471600000000000000e+04
3.474800000000000000e+04
3.480400000000000000e+04
3.483900000000000000e+04
3.487100000000000000e+04
3.491800000000000000e+04
3.496800000000000000e+04
3.500400000000000000e+04
3.504900000000000000e+04
3.509000000000000000e+04
3.513800000000000000e+04
3.517600000000000000e+04
3.522500000000000000e+04
3.526200000000000000e+04
3.530100000000000000e+04
3.533300000000000000e+04
3.538300000000000000e+04
3.542700000000000000e+04
3.545900000000000000e+04
3.548900000000000000e+04
3.553000000000000000e+04
3.557000000000000000e+04
3.562400000000000000e+04
3.565700000000000000e+04
3.569500000000000000e+04
3.573900000000000000e+04
3.578700000000000000e+04
3.582600000000000000e+04
3.586200000000000000e+04
3.590200000000000000e+04
3.594300000000000000e+04
3.598500000000000000e+04
3.602300000000000000e+04
3.606100000000000000e+04
3.610300000000000000e+04
3.614100000000000000e+04
3.618300000000000000e+04
3.622500000000000000e+04
3.626400000000000000e+04
3.630400000000000000e+04
3.634500000000000000e+04
3.638600000000000000e+04
3.643000000000000000e+04
3.647100000000000000e+04
3.650100000000000000e+04
3.654400000000000000e+04
3.658500000000000000e+04
3.663100000000000000e+04
3.667400000000000000e+04
3.671700000000000000e+04
3.675600000000000000e+04
3.680600000000000000e+04
3.685600000000000000e+04
3.689500000000000000e+04
3.692600000000000000e+04
3.697000000000000000e+04
3.701600000000000000e+04
3.706800000000000000e+04
3.711200000000000000e+04
3.714200000000000000e+04
3.718800000000000000e+04
3.722300000000000000e+04
3.726600000000000000e+04
3.730600000000000000e+04
3.734800000000000000e+04
3.738100000000000000e+04
3.741700000000000000e+04
3.746200000000000000e+04
3.750500000000000000e+04
3.755400000000000000e+04
3.760200000000000000e+04
3.765900000000000000e+04
3.772000000000000000e+04
3.774700000000000000e+04
3.778800000000000000e+04
3.782900000000000000e+04
3.788000000000000000e+04
3.793600000000000000e+04
3.796800000000000000e+04
3.801400000000000000e+04
3.804800000000000000e+04
3.808800000000000000e+04
3.813800000000000000e+04
3.817700000000000000e+04
3.821700000000000000e+04
3.825600000000000000e+04
3.830200000000000000e+04
3.833800000000000000e+04
3.838100000000000000e+04
3.841800000000000000e+04
3.846100000000000000e+04
3.849500000000000000e+04
3.853400000000000000e+04
3.857700000000000000e+04
3.860900000000000000e+04
3.864600000000000000e+04
3.868200000000000000e+04
3.873500000000000000e+04
3.877200000000000000e+04
3.879300000000000000e+04
3.882500000000000000e+04
3.886700000000000000e+04
3.891500000000000000e+04
3.894900000000000000e+04
3.898400000000000000e+04
3.901700000000000000e+04
3.905200000000000000e+04
3.909900000000000000e+04
3.911900000000000000e+04
3.916300000000000000e+04
3.919700000000000000e+04
3.924600000000000000e+04
3.928600000000000000e+04
3.932800000000000000e+04
3.936100000000000000e+04
3.939700000000000000e+04
3.943800000000000000e+04
3.948800000000000000e+04
3.951800000000000000e+04
3.955800000000000000e+04
3.960300000000000000e+04
3.963900000000000000e+04
3.968100000000000000e+04
3.971000000000000000e+04
3.973500000000000000e+04
3.976500000000000000e+04
3.979300000000000000e+04
3.984200000000000000e+04
3.987100000000000000e+04
3.990500000000000000e+04
3.993600000000000000e+04
3.997800000000000000e+04
4.001900000000000000e+04
4.005800000000000000e+04
4.010200000000000000e+04
4.014700000000000000e+04
4.018600000000000000e+04
4.023200000000000000e+04
4.026900000000000000e+04
4.031500000000000000e+04
4.035000000000000000e+04
4.039900000000000000e+04
4.044300000000000000e+04
4.047800000000000000e+04
4.051500000000000000e+04
4.055000000000000000e+04
4.058100000000000000e+04
4.063000000000000000e+04
4.066200000000000000e+04
4.070400000000000000e+04
4.074200000000000000e+04
4.078700000000000000e+04
4.082700000000000000e+04
4.086300000000000000e+04
4.089100000000000000e+04
4.092400000000000000e+04
4.096600000000000000e+04
4.100500000000000000e+04
4.104600000000000000e+04
4.108100000000000000e+04
4.111600000000000000e+04
4.115200000000000000e+04
4.118600000000000000e+04
4.122200000000000000e+04
4.125400000000000000e+04
4.128900000000000000e+04
4.130900000000000000e+04
4.135700000000000000e+04
4.139300000000000000e+04
4.142800000000000000e+04
4.145800000000000000e+04
4.148600000000000000e+04
4.153300000000000000e+04
4.156200000000000000e+04
4.159600000000000000e+04
4.162200000000000000e+04
4.165100000000000000e+04
4.168900000000000000e+04
4.171900000000000000e+04
4.174500000000000000e+04
4.178400000000000000e+04
4.181800000000000000e+04
4.185900000000000000e+04
4.189000000000000000e+04
4.192000000000000000e+04
4.195700000000000000e+04
4.199800000000000000e+04
4.204400000000000000e+04
4.207000000000000000e+04
4.210300000000000000e+04
4.213100000000000000e+04
4.215700000000000000e+04
4.220200000000000000e+04
4.222100000000000000e+04
4.225500000000000000e+04
4.228200000000000000e+04
4.232000000000000000e+04
4.236700000000000000e+04
4.240100000000000000e+04
4.243300000000000000e+04
4.245900000000000000e+04
4.249900000000000000e+04
4.253900000000000000e+04
4.258400000000000000e+04
4.261300000000000000e+04
4.264100000000000000e+04
4.267500000000000000e+04
4.272500000000000000e+04
4.276500000000000000e+04
4.279800000000000000e+04
4.284100000000000000e+04
4.289100000000000000e+04
4.293600000000000000e+04
4.298000000000000000e+04
4.301500000000000000e+04
4.306200000000000000e+04
4.310700000000000000e+04
4.317000000000000000e+04
4.320400000000000000e+04
4.324000000000000000e+04
4.326700000000000000e+04
4.331000000000000000e+04
4.335500000000000000e+04
4.339400000000000000e+04
4.342500000000000000e+04
4.346400000000000000e+04
4.349900000000000000e+04
4.355000000000000000e+04
4.358400000000000000e+04
4.363600000000000000e+04
4.367500000000000000e+04
4.372000000000000000e+04
4.375600000000000000e+04
4.379300000000000000e+04
4.382900000000000000e+04
4.385300000000000000e+04
4.388900000000000000e+04
4.394000000000000000e+04
4.396300000000000000e+04
4.399600000000000000e+04
4.402600000000000000e+04
4.406700000000000000e+04
4.411400000000000000e+04
4.414800000000000000e+04
4.418300000000000000e+04
4.421700000000000000e+04
4.424800000000000000e+04
4.428400000000000000e+04
4.431900000000000000e+04
4.435700000000000000e+04
4.439500000000000000e+04
4.443000000000000000e+04
4.447500000000000000e+04
4.451000000000000000e+04
4.454500000000000000e+04
4.457600000000000000e+04
4.461700000000000000e+04
4.465300000000000000e+04
4.468400000000000000e+04
4.471500000000000000e+04
4.475100000000000000e+04
4.479000000000000000e+04
4.484600000000000000e+04
4.488100000000000000e+04
4.490800000000000000e+04
4.494300000000000000e+04
4.498700000000000000e+04
4.502900000000000000e+04
4.507100000000000000e+04
4.511200000000000000e+04
4.515900000000000000e+04
4.520900000000000000e+04
4.525200000000000000e+04
4.529300000000000000e+04
4.532700000000000000e+04
4.536400000000000000e+04
4.540400000000000000e+04
4.545400000000000000e+04
4.547600000000000000e+04
4.551000000000000000e+04
4.553800000000000000e+04
4.556900000000000000e+04
4.561500000000000000e+04
4.565100000000000000e+04
4.568800000000000000e+04
4.572300000000000000e+04
4.576400000000000000e+04
4.580400000000000000e+04
4.584300000000000000e+04
4.587800000000000000e+04
4.592600000000000000e+04
4.597100000000000000e+04
4.600000000000000000e+04
4.604300000000000000e+04
4.609400000000000000e+04
4.613800000000000000e+04
4.618600000000000000e+04
4.623100000000000000e+04
4.626600000000000000e+04
4.630400000000000000e+04
4.634000000000000000e+04
4.637800000000000000e+04
4.642800000000000000e+04
4.645400000000000000e+04
4.648400000000000000e+04
4.651700000000000000e+04
4.654600000000000000e+04
4.658600000000000000e+04
4.661600000000000000e+04
4.664100000000000000e+04
4.668200000000000000e+04
4.672100000000000000e+04
4.676600000000000000e+04
4.679800000000000000e+04
4.682900000000000000e+04
4.686300000000000000e+04
4.689500000000000000e+04
4.694600000000000000e+04
4.699000000000000000e+04
4.702800000000000000e+04
4.706800000000000000e+04
4.710300000000000000e+04
4.714000000000000000e+04
4.717500000000000000e+04
4.721200000000000000e+04
4.724900000000000000e+04
4.728500000000000000e+04
4.733100000000000000e+04
4.736800000000000000e+04
4.740400000000000000e+04
4.743200000000000000e+04
4.746400000000000000e+04
4.750900000000000000e+04
4.754700000000000000e+04
4.758400000000000000e+04
4.762200000000000000e+04
4.765600000000000000e+04
4.769900000000000000e+04
4.772400000000000000e+04
4.776400000000000000e+04
4.780300000000000000e+04
4.784900000000000000e+04
4.788800000000000000e+04
4.792600000000000000e+04
4.797400000000000000e+04
4.803100000000000000e+04
4.808000000000000000e+04
4.812800000000000000e+04
4.816300000000000000e+04
4.820600000000000000e+04
4.824100000000000000e+04
4.828700000000000000e+04
4.833400000000000000e+04
4.837800000000000000e+04
4.841600000000000000e+04
4.846300000000000000e+04
4.851000000000000000e+04
4.856500000000000000e+04
4.859400000000000000e+04
4.863100000000000000e+04
4.867100000000000000e+04
4.870500000000000000e+04
4.874800000000000000e+04
4.878000000000000000e+04
4.881300000000000000e+04
4.884200000000000000e+04
4.887900000000000000e+04
4.893400000000000000e+04
4.897300000000000000e+04
4.900900000000000000e+04
4.904100000000000000e+04
4.908100000000000000e+04
4.912200000000000000e+04
4.914300000000000000e+04
4.917100000000000000e+04
4.921000000000000000e+04
4.923900000000000000e+04
4.927900000000000000e+04
4.930700000000000000e+04
4.933900000000000000e+04
4.937500000000000000e+04
4.941800000000000000e+04
4.945700000000000000e+04
4.949000000000000000e+04
4.952800000000000000e+04
4.956800000000000000e+04
4.961200000000000000e+04
4.965500000000000000e+04
4.969300000000000000e+04
4.973800000000000000e+04
4.978000000000000000e+04
4.982500000000000000e+04
4.986700000000000000e+04
4.990400000000000000e+04
4.994100000000000000e+04
4.998000000000000000e+04
5.002000000000000000e+04
