1.000000000000000000e+01
9.900000000000000000e+01
1.710000000000000000e+02
2.350000000000000000e+02
3.010000000000000000e+02
3.640000000000000000e+02
4.160000000000000000e+02
4.650000000000000000e+02
5.140000000000000000e+02
5.610000000000000000e+02
6.030000000000000000e+02
6.450000000000000000e+02
6.930000000000000000e+02
7.370000000000000000e+02
7.740000000000000000e+02
8.090000000000000000e+02
8.460000000000000000e+02
8.830000000000000000e+02
9.110000000000000000e+02
9.450000000000000000e+02
9.820000000000000000e+02
1.011000000000000000e+03
1.058000000000000000e+03
1.088000000000000000e+03
1.128000000000000000e+03
1.165000000000000000e+03
1.202000000000000000e+03
1.237000000000000000e+03
1.271000000000000000e+03
1.304000000000000000e+03
1.333000000000000000e+03
1.362000000000000000e+03
1.398000000000000000e+03
1.436000000000000000e+03
1.470000000000000000e+03
1.504000000000000000e+03
1.526000000000000000e+03
1.555000000000000000e+03
1.585000000000000000e+03
1.622000000000000000e+03
1.648000000000000000e+03
1.677000000000000000e+03
1.710000000000000000e+03
1.734000000000000000e+03
1.765000000000000000e+03
1.790000000000000000e+03
1.817000000000000000e+03
1.855000000000000000e+03
1.884000000000000000e+03
1.912000000000000000e+03
1.943000000000000000e+03
1.968000000000000000e+03
1.996000000000000000e+03
2.027000000000000000e+03
2.054000000000000000e+03
2.088000000000000000e+03
2.113000000000000000e+03
2.134000000000000000e+03
2.158000000000000000e+03
2.181000000000000000e+03
2.204000000000000000e+03
2.227000000000000000e+03
2.259000000000000000e+03
2.282000000000000000e+03
2.303000000000000000e+03
2.328000000000000000e+03
2.352000000000000000e+03
2.383000000000000000e+03
2.413000000000000000e+03
2.447000000000000000e+03
2.472000000000000000e+03
2.508000000000000000e+03
2.534000000000000000e+03
2.558000000000000000e+03
2.573000000000000000e+03
2.596000000000000000e+03
2.619000000000000000e+03
2.648000000000000000e+03
2.673000000000000000e+03
2.696000000000000000e+03
2.725000000000000000e+03
2.748000000000000000e+03
2.770000000000000000e+03
2.797000000000000000e+03
2.817000000000000000e+03
2.834000000000000000e+03
2.858000000000000000e+03
2.882000000000000000e+03
2.909000000000000000e+03
2.936000000000000000e+03
2.964000000000000000e+03
2.988000000000000000e+03
3.012000000000000000e+03
3.032000000000000000e+03
3.057000000000000000e+03
3.081000000000000000e+03
3.107000000000000000e+03
3.129000000000000000e+03
3.159000000000000000e+03
3.182000000000000000e+03
3.200000000000000000e+03
3.222000000000000000e+03
3.245000000000000000e+03
3.274000000000000000e+03
3.306000000000000000e+03
3.329000000000000000e+03
3.349000000000000000e+03
3.369000000000000000e+03
3.391000000000000000e+03
3.416000000000000000e+03
3.442000000000000000e+03
3.468000000000000000e+03
3.492000000000000000e+03
3.510000000000000000e+03
3.542000000000000000e+03
3.574000000000000000e+03
3.598000000000000000e+03
3.620000000000000000e+03
3.648000000000000000e+03
3.673000000000000000e+03
3.693000000000000000e+03
3.724000000000000000e+03
3.745000000000000000e+03
3.764000000000000000e+03
3.786000000000000000e+03
3.817000000000000000e+03
3.836000000000000000e+03
3.856000000000000000e+03
3.878000000000000000e+03
3.899000000000000000e+03
3.916000000000000000e+03
3.935000000000000000e+03
3.958000000000000000e+03
3.983000000000000000e+03
4.009000000000000000e+03
4.028000000000000000e+03
4.051000000000000000e+03
4.077000000000000000e+03
4.099000000000000000e+03
4.115000000000000000e+03
4.143000000000000000e+03
4.160000000000000000e+03
4.182000000000000000e+03
4.206000000000000000e+03
4.224000000000000000e+03
4.246000000000000000e+03
4.270000000000000000e+03
4.296000000000000000e+03
4.319000000000000000e+03
4.342000000000000000e+03
4.367000000000000000e+03
4.399000000000000000e+03
4.416000000000000000e+03
4.436000000000000000e+03
4.450000000000000000e+03
4.464000000000000000e+03
4.491000000000000000e+03
4.515000000000000000e+03
4.531000000000000000e+03
4.550000000000000000e+03
4.573000000000000000e+03
4.594000000000000000e+03
4.624000000000000000e+03
4.641000000000000000e+03
4.662000000000000000e+03
4.682000000000000000e+03
4.705000000000000000e+03
4.720000000000000000e+03
4.745000000000000000e+03
4.765000000000000000e+03
4.793000000000000000e+03
4.812000000000000000e+03
4.827000000000000000e+03
4.850000000000000000e+03
4.870000000000000000e+03
4.895000000000000000e+03
4.922000000000000000e+03
4.941000000000000000e+03
4.959000000000000000e+03
4.974000000000000000e+03
4.990000000000000000e+03
5.014000000000000000e+03
5.038000000000000000e+03
5.054000000000000000e+03
5.072000000000000000e+03
5.091000000000000000e+03
5.108000000000000000e+03
5.130000000000000000e+03
5.153000000000000000e+03
5.172000000000000000e+03
5.193000000000000000e+03
5.214000000000000000e+03
5.234000000000000000e+03
5.257000000000000000e+03
5.276000000000000000e+03
5.296000000000000000e+03
5.323000000000000000e+03
5.353000000000000000e+03
5.375000000000000000e+03
5.386000000000000000e+03
5.410000000000000000e+03
5.432000000000000000e+03
5.457000000000000000e+03
5.476000000000000000e+03
5.490000000000000000e+03
5.506000000000000000e+03
5.525000000000000000e+03
5.543000000000000000e+03
5.559000000000000000e+03
5.575000000000000000e+03
5.589000000000000000e+03
5.608000000000000000e+03
5.626000000000000000e+03
5.643000000000000000e+03
5.658000000000000000e+03
5.679000000000000000e+03
5.694000000000000000e+03
5.715000000000000000e+03
5.730000000000000000e+03
5.751000000000000000e+03
5.769000000000000000e+03
5.785000000000000000e+03
5.804000000000000000e+03
5.837000000000000000e+03
5.853000000000000000e+03
5.870000000000000000e+03
5.888000000000000000e+03
5.904000000000000000e+03
5.925000000000000000e+03
5.941000000000000000e+03
5.965000000000000000e+03
5.983000000000000000e+03
5.998000000000000000e+03
6.017000000000000000e+03
6.032000000000000000e+03
6.053000000000000000e+03
6.072000000000000000e+03
6.088000000000000000e+03
6.112000000000000000e+03
6.136000000000000000e+03
6.166000000000000000e+03
6.188000000000000000e+03
6.205000000000000000e+03
6.225000000000000000e+03
6.246000000000000000e+03
6.265000000000000000e+03
6.280000000000000000e+03
6.294000000000000000e+03
6.307000000000000000e+03
6.322000000000000000e+03
6.335000000000000000e+03
6.350000000000000000e+03
6.368000000000000000e+03
6.384000000000000000e+03
6.400000000000000000e+03
6.419000000000000000e+03
6.437000000000000000e+03
6.459000000000000000e+03
6.483000000000000000e+03
6.505000000000000000e+03
6.525000000000000000e+03
6.540000000000000000e+03
6.556000000000000000e+03
6.580000000000000000e+03
6.598000000000000000e+03
6.618000000000000000e+03
6.635000000000000000e+03
6.653000000000000000e+03
6.670000000000000000e+03
6.692000000000000000e+03
6.714000000000000000e+03
6.735000000000000000e+03
6.756000000000000000e+03
6.774000000000000000e+03
6.796000000000000000e+03
6.816000000000000000e+03
6.837000000000000000e+03
6.860000000000000000e+03
6.881000000000000000e+03
6.900000000000000000e+03
6.921000000000000000e+03
6.942000000000000000e+03
6.963000000000000000e+03
6.981000000000000000e+03
6.997000000000000000e+03
7.014000000000000000e+03
7.036000000000000000e+03
7.051000000000000000e+03
7.071000000000000000e+03
7.095000000000000000e+03
7.115000000000000000e+03
7.134000000000000000e+03
7.152000000000000000e+03
7.170000000000000000e+03
7.186000000000000000e+03
7.207000000000000000e+03
7.228000000000000000e+03
7.249000000000000000e+03
7.266000000000000000e+03
7.284000000000000000e+03
7.302000000000000000e+03
7.318000000000000000e+03
7.330000000000000000e+03
7.349000000000000000e+03
7.381000000000000000e+03
7.401000000000000000e+03
7.418000000000000000e+03
7.441000000000000000e+03
7.461000000000000000e+03
7.478000000000000000e+03
7.497000000000000000e+03
7.514000000000000000e+03
7.533000000000000000e+03
7.549000000000000000e+03
7.565000000000000000e+03
7.581000000000000000e+03
7.596000000000000000e+03
7.614000000000000000e+03
7.627000000000000000e+03
7.648000000000000000e+03
7.663000000000000000e+03
7.679000000000000000e+03
7.696000000000000000e+03
7.715000000000000000e+03
7.735000000000000000e+03
7.755000000000000000e+03
7.769000000000000000e+03
7.781000000000000000e+03
7.798000000000000000e+03
7.815000000000000000e+03
7.835000000000000000e+03
7.852000000000000000e+03
7.868000000000000000e+03
7.882000000000000000e+03
7.897000000000000000e+03
7.921000000000000000e+03
7.944000000000000000e+03
7.959000000000000000e+03
7.973000000000000000e+03
7.987000000000000000e+03
8.008000000000000000e+03
8.030000000000000000e+03
8.051000000000000000e+03
8.079000000000000000e+03
8.094000000000000000e+03
8.112000000000000000e+03
8.139000000000000000e+03
8.162000000000000000e+03
8.181000000000000000e+03
8.196000000000000000e+03
8.212000000000000000e+03
8.229000000000000000e+03
8.250000000000000000e+03
8.277000000000000000e+03
8.299000000000000000e+03
8.316000000000000000e+03
8.335000000000000000e+03
8.353000000000000000e+03
8.370000000000000000e+03
8.389000000000000000e+03
8.400000000000000000e+03
8.420000000000000000e+03
8.434000000000000000e+03
8.455000000000000000e+03
8.473000000000000000e+03
8.490000000000000000e+03
8.508000000000000000e+03
8.527000000000000000e+03
8.543000000000000000e+03
8.560000000000000000e+03
8.572000000000000000e+03
8.586000000000000000e+03
8.608000000000000000e+03
8.626000000000000000e+03
8.640000000000000000e+03
8.655000000000000000e+03
8.677000000000000000e+03
8.694000000000000000e+03
8.707000000000000000e+03
8.722000000000000000e+03
8.735000000000000000e+03
8.750000000000000000e+03
8.771000000000000000e+03
8.789000000000000000e+03
8.804000000000000000e+03
8.820000000000000000e+03
8.839000000000000000e+03
8.852000000000000000e+03
8.868000000000000000e+03
8.887000000000000000e+03
8.899000000000000000e+03
8.919000000000000000e+03
8.941000000000000000e+03
8.961000000000000000e+03
8.975000000000000000e+03
8.991000000000000000e+03
9.005000000000000000e+03
9.017000000000000000e+03
9.031000000000000000e+03
9.047000000000000000e+03
9.067000000000000000e+03
9.079000000000000000e+03
9.094000000000000000e+03
9.111000000000000000e+03
9.128000000000000000e+03
9.145000000000000000e+03
9.161000000000000000e+03
9.178000000000000000e+03
9.191000000000000000e+03
9.208000000000000000e+03
9.233000000000000000e+03
9.249000000000000000e+03
9.268000000000000000e+03
9.288000000000000000e+03
9.308000000000000000e+03
9.324000000000000000e+03
9.340000000000000000e+03
9.358000000000000000e+03
9.372000000000000000e+03
9.395000000000000000e+03
9.410000000000000000e+03
9.434000000000000000e+03
9.445000000000000000e+03
9.459000000000000000e+03
9.477000000000000000e+03
9.497000000000000000e+03
9.512000000000000000e+03
9.530000000000000000e+03
9.549000000000000000e+03
9.566000000000000000e+03
9.581000000000000000e+03
9.598000000000000000e+03
9.613000000000000000e+03
9.634000000000000000e+03
9.650000000000000000e+03
9.668000000000000000e+03
9.688000000000000000e+03
9.706000000000000000e+03
9.724000000000000000e+03
9.738000000000000000e+03
9.755000000000000000e+03
9.768000000000000000e+03
9.789000000000000000e+03
9.806000000000000000e+03
9.824000000000000000e+03
9.837000000000000000e+03
9.851000000000000000e+03
9.868000000000000000e+03
9.891000000000000000e+03
9.909000000000000000e+03
9.925000000000000000e+03
9.943000000000000000e+03
9.954000000000000000e+03
9.967000000000000000e+03
9.982000000000000000e+03
1.000000000000000000e+04
1.001000000000000000e+04
1.003000000000000000e+04
1.005000000000000000e+04
1.006800000000000000e+04
1.008400000000000000e+04
1.009800000000000000e+04
1.011400000000000000e+04
1.012900000000000000e+04
1.014300000000000000e+04
1.015800000000000000e+04
1.017400000000000000e+04
1.018900000000000000e+04
1.020500000000000000e+04
1.022100000000000000e+04
1.023800000000000000e+04
1.025700000000000000e+04
1.027700000000000000e+04
1.029800000000000000e+04
1.030800000000000000e+04
1.031800000000000000e+04
1.033600000000000000e+04
1.034700000000000000e+04
1.036500000000000000e+04
1.037900000000000000e+04
1.039300000000000000e+04
1.041400000000000000e+04
1.043100000000000000e+04
1.044800000000000000e+04
1.046200000000000000e+04
1.047300000000000000e+04
1.049200000000000000e+04
1.051800000000000000e+04
1.053600000000000000e+04
1.055900000000000000e+04
1.058000000000000000e+04
1.059100000000000000e+04
1.060700000000000000e+04
1.062300000000000000e+04
1.063900000000000000e+04
1.065500000000000000e+04
1.067300000000000000e+04
1.069200000000000000e+04
1.071600000000000000e+04
1.073900000000000000e+04
1.075600000000000000e+04
1.077500000000000000e+04
1.079100000000000000e+04
1.081300000000000000e+04
1.083200000000000000e+04
1.084800000000000000e+04
1.085900000000000000e+04
1.087200000000000000e+04
1.088400000000000000e+04
1.089600000000000000e+04
1.090600000000000000e+04
1.092800000000000000e+04
1.094400000000000000e+04
1.096500000000000000e+04
1.098200000000000000e+04
1.099400000000000000e+04
1.100700000000000000e+04
1.102700000000000000e+04
1.104600000000000000e+04
1.106100000000000000e+04
1.107800000000000000e+04
1.109600000000000000e+04
1.111700000000000000e+04
1.112900000000000000e+04
1.114900000000000000e+04
1.116300000000000000e+04
1.117900000000000000e+04
1.119100000000000000e+04
1.121200000000000000e+04
1.122400000000000000e+04
1.123300000000000000e+04
1.124700000000000000e+04
1.126500000000000000e+04
1.128600000000000000e+04
1.130200000000000000e+04
1.131400000000000000e+04
1.132600000000000000e+04
1.134500000000000000e+04
1.135400000000000000e+04
1.137400000000000000e+04
1.138800000000000000e+04
1.140000000000000000e+04
1.141200000000000000e+04
1.142400000000000000e+04
1.144500000000000000e+04
1.146100000000000000e+04
1.148300000000000000e+04
1.150300000000000000e+04
1.152000000000000000e+04
1.153500000000000000e+04
1.155000000000000000e+04
1.156100000000000000e+04
1.157100000000000000e+04
1.158600000000000000e+04
1.159600000000000000e+04
1.160900000000000000e+04
1.162500000000000000e+04
1.164100000000000000e+04
1.165800000000000000e+04
1.167300000000000000e+04
1.169200000000000000e+04
1.170300000000000000e+04
1.172400000000000000e+04
1.174000000000000000e+04
1.175700000000000000e+04
1.177500000000000000e+04
1.179500000000000000e+04
1.181000000000000000e+04
1.182400000000000000e+04
1.183900000000000000e+04
1.185900000000000000e+04
1.188300000000000000e+04
1.189800000000000000e+04
1.191600000000000000e+04
1.193200000000000000e+04
1.194700000000000000e+04
1.196100000000000000e+04
1.197700000000000000e+04
1.199000000000000000e+04
1.200500000000000000e+04
1.201800000000000000e+04
1.203300000000000000e+04
1.204900000000000000e+04
1.205800000000000000e+04
1.207600000000000000e+04
1.209400000000000000e+04
1.210900000000000000e+04
1.212100000000000000e+04
1.213500000000000000e+04
1.215200000000000000e+04
1.216800000000000000e+04
1.218300000000000000e+04
1.220000000000000000e+04
1.221800000000000000e+04
1.223300000000000000e+04
1.224800000000000000e+04
1.226300000000000000e+04
1.227700000000000000e+04
1.229300000000000000e+04
1.230800000000000000e+04
1.232300000000000000e+04
1.233600000000000000e+04
1.234600000000000000e+04
1.236100000000000000e+04
1.238000000000000000e+04
1.238800000000000000e+04
1.240000000000000000e+04
1.241400000000000000e+04
1.242800000000000000e+04
1.244900000000000000e+04
1.246300000000000000e+04
1.247700000000000000e+04
1.248700000000000000e+04
1.250100000000000000e+04
1.251900000000000000e+04
1.253900000000000000e+04
1.255900000000000000e+04
1.257700000000000000e+04
1.259200000000000000e+04
1.260800000000000000e+04
1.262500000000000000e+04
1.264500000000000000e+04
1.266300000000000000e+04
1.268100000000000000e+04
1.269800000000000000e+04
1.271200000000000000e+04
1.272500000000000000e+04
1.273900000000000000e+04
1.275200000000000000e+04
1.276800000000000000e+04
1.278400000000000000e+04
1.279800000000000000e+04
1.281500000000000000e+04
1.283200000000000000e+04
1.284400000000000000e+04
1.285900000000000000e+04
1.287400000000000000e+04
1.289200000000000000e+04
1.290300000000000000e+04
1.292100000000000000e+04
1.293700000000000000e+04
1.295100000000000000e+04
1.296600000000000000e+04
1.297900000000000000e+04
1.299800000000000000e+04
1.301100000000000000e+04
1.302600000000000000e+04
1.304100000000000000e+04
1.305300000000000000e+04
1.306500000000000000e+04
1.307900000000000000e+04
1.309100000000000000e+04
1.311200000000000000e+04
1.313200000000000000e+04
1.314600000000000000e+04
1.316100000000000000e+04
1.317600000000000000e+04
1.318600000000000000e+04
1.320000000000000000e+04
1.321900000000000000e+04
1.323600000000000000e+04
1.325100000000000000e+04
1.326600000000000000e+04
1.328100000000000000e+04
1.329000000000000000e+04
1.330600000000000000e+04
1.332200000000000000e+04
1.333900000000000000e+04
1.335300000000000000e+04
1.336500000000000000e+04
1.337800000000000000e+04
1.339200000000000000e+04
1.340500000000000000e+04
1.341600000000000000e+04
1.342800000000000000e+04
1.344600000000000000e+04
1.346000000000000000e+04
1.347200000000000000e+04
1.348000000000000000e+04
1.349600000000000000e+04
1.350700000000000000e+04
1.352400000000000000e+04
1.354000000000000000e+04
1.355000000000000000e+04
1.356100000000000000e+04
1.357000000000000000e+04
1.358600000000000000e+04
1.359800000000000000e+04
1.361300000000000000e+04
1.362700000000000000e+04
1.363700000000000000e+04
1.364400000000000000e+04
1.365400000000000000e+04
1.366700000000000000e+04
1.369100000000000000e+04
1.370600000000000000e+04
1.372000000000000000e+04
1.373000000000000000e+04
1.374000000000000000e+04
1.375000000000000000e+04
1.376500000000000000e+04
1.378200000000000000e+04
1.379600000000000000e+04
1.381400000000000000e+04
1.382700000000000000e+04
1.383700000000000000e+04
1.384700000000000000e+04
1.386000000000000000e+04
1.387200000000000000e+04
1.388700000000000000e+04
1.390500000000000000e+04
1.392200000000000000e+04
1.394000000000000000e+04
1.395100000000000000e+04
1.396800000000000000e+04
1.398800000000000000e+04
1.400700000000000000e+04
1.402300000000000000e+04
1.403700000000000000e+04
1.405500000000000000e+04
1.407400000000000000e+04
1.408700000000000000e+04
1.410000000000000000e+04
1.411300000000000000e+04
1.412400000000000000e+04
1.414400000000000000e+04
1.416000000000000000e+04
1.417900000000000000e+04
1.419400000000000000e+04
1.420600000000000000e+04
1.422600000000000000e+04
1.423900000000000000e+04
1.425200000000000000e+04
1.426700000000000000e+04
1.428300000000000000e+04
1.429800000000000000e+04
1.431200000000000000e+04
1.432600000000000000e+04
1.434200000000000000e+04
1.435400000000000000e+04
1.437000000000000000e+04
1.438300000000000000e+04
1.439800000000000000e+04
1.440900000000000000e+04
1.443100000000000000e+04
1.444400000000000000e+04
1.445400000000000000e+04
1.446600000000000000e+04
1.447400000000000000e+04
1.449000000000000000e+04
1.449800000000000000e+04
1.451700000000000000e+04
1.453800000000000000e+04
1.455800000000000000e+04
1.457700000000000000e+04
1.458900000000000000e+04
1.460900000000000000e+04
1.462600000000000000e+04
1.464300000000000000e+04
1.466800000000000000e+04
1.468400000000000000e+04
1.469400000000000000e+04
1.470700000000000000e+04
1.472100000000000000e+04
1.473100000000000000e+04
1.474300000000000000e+04
1.475400000000000000e+04
1.476800000000000000e+04
1.477900000000000000e+04
1.479800000000000000e+04
1.482000000000000000e+04
1.483400000000000000e+04
1.484500000000000000e+04
1.486100000000000000e+04
1.487300000000000000e+04
1.488400000000000000e+04
1.489800000000000000e+04
1.491100000000000000e+04
1.492200000000000000e+04
1.494100000000000000e+04
1.496700000000000000e+04
1.498800000000000000e+04
1.500200000000000000e+04
1.502100000000000000e+04
1.503400000000000000e+04
1.504900000000000000e+04
1.506800000000000000e+04
1.508200000000000000e+04
1.509900000000000000e+04
1.511400000000000000e+04
1.513100000000000000e+04
1.515000000000000000e+04
1.516500000000000000e+04
1.517900000000000000e+04
1.519000000000000000e+04
1.520600000000000000e+04
1.522000000000000000e+04
1.523800000000000000e+04
1.525400000000000000e+04
1.526900000000000000e+04
1.528700000000000000e+04
1.530200000000000000e+04
1.531700000000000000e+04
1.533500000000000000e+04
1.535200000000000000e+04
1.536700000000000000e+04
1.538100000000000000e+04
1.539600000000000000e+04
1.540500000000000000e+04
1.542400000000000000e+04
1.544200000000000000e+04
1.545800000000000000e+04
1.547100000000000000e+04
1.549300000000000000e+04
1.551200000000000000e+04
1.552900000000000000e+04
1.554300000000000000e+04
1.555900000000000000e+04
1.557500000000000000e+04
1.558800000000000000e+04
1.560800000000000000e+04
1.562600000000000000e+04
1.564400000000000000e+04
1.565900000000000000e+04
1.567500000000000000e+04
1.569300000000000000e+04
1.571400000000000000e+04
1.572400000000000000e+04
1.573900000000000000e+04
1.575200000000000000e+04
1.577200000000000000e+04
1.578300000000000000e+04
1.580100000000000000e+04
1.582200000000000000e+04
1.584000000000000000e+04
1.585900000000000000e+04
1.587600000000000000e+04
1.588600000000000000e+04
1.590100000000000000e+04
1.591200000000000000e+04
1.593200000000000000e+04
1.595100000000000000e+04
1.597000000000000000e+04
1.598600000000000000e+04
1.600500000000000000e+04
1.601900000000000000e+04
1.602800000000000000e+04
1.604000000000000000e+04
1.605100000000000000e+04
1.607100000000000000e+04
1.609400000000000000e+04
1.611800000000000000e+04
1.614200000000000000e+04
1.616900000000000000e+04
1.619000000000000000e+04
1.620600000000000000e+04
1.622300000000000000e+04
1.625900000000000000e+04
1.627900000000000000e+04
1.629200000000000000e+04
1.630300000000000000e+04
1.631200000000000000e+04
1.632600000000000000e+04
1.634200000000000000e+04
1.635500000000000000e+04
1.637300000000000000e+04
1.639200000000000000e+04
1.640500000000000000e+04
1.641900000000000000e+04
1.643200000000000000e+04
1.644600000000000000e+04
1.646100000000000000e+04
1.647700000000000000e+04
1.649200000000000000e+04
1.650900000000000000e+04
1.652300000000000000e+04
1.654100000000000000e+04
1.655100000000000000e+04
1.656300000000000000e+04
1.657900000000000000e+04
1.659100000000000000e+04
1.660100000000000000e+04
1.661000000000000000e+04
1.664000000000000000e+04
1.665200000000000000e+04
1.666500000000000000e+04
1.668000000000000000e+04
1.669200000000000000e+04
1.670700000000000000e+04
1.672000000000000000e+04
1.673800000000000000e+04
1.675600000000000000e+04
1.677200000000000000e+04
1.678700000000000000e+04
1.680400000000000000e+04
1.682400000000000000e+04
1.683800000000000000e+04
1.685000000000000000e+04
1.686300000000000000e+04
1.688200000000000000e+04
1.689800000000000000e+04
1.691500000000000000e+04
1.693100000000000000e+04
1.694900000000000000e+04
1.696800000000000000e+04
1.698100000000000000e+04
1.699400000000000000e+04
1.700900000000000000e+04
1.702300000000000000e+04
1.703500000000000000e+04
1.704600000000000000e+04
1.705900000000000000e+04
1.707600000000000000e+04
1.709200000000000000e+04
1.710800000000000000e+04
1.712400000000000000e+04
1.714200000000000000e+04
1.715800000000000000e+04
1.717000000000000000e+04
1.718500000000000000e+04
1.720700000000000000e+04
1.722200000000000000e+04
1.723700000000000000e+04
1.725800000000000000e+04
1.727300000000000000e+04
1.728800000000000000e+04
1.729900000000000000e+04
1.731400000000000000e+04
1.732600000000000000e+04
1.734000000000000000e+04
1.735400000000000000e+04
1.736600000000000000e+04
1.738300000000000000e+04
1.740800000000000000e+04
1.743000000000000000e+04
1.744900000000000000e+04
1.746600000000000000e+04
1.747800000000000000e+04
1.749500000000000000e+04
1.750900000000000000e+04
1.752800000000000000e+04
1.754600000000000000e+04
1.756000000000000000e+04
1.757400000000000000e+04
1.759700000000000000e+04
1.761900000000000000e+04
1.762900000000000000e+04
1.764100000000000000e+04
1.765400000000000000e+04
1.766700000000000000e+04
1.767900000000000000e+04
1.769000000000000000e+04
1.770100000000000000e+04
1.771200000000000000e+04
1.773000000000000000e+04
1.774500000000000000e+04
1.775900000000000000e+04
1.777100000000000000e+04
1.778700000000000000e+04
1.780400000000000000e+04
1.781400000000000000e+04
1.782400000000000000e+04
1.783400000000000000e+04
1.784800000000000000e+04
1.785800000000000000e+04
1.787800000000000000e+04
1.789000000000000000e+04
1.790500000000000000e+04
1.792200000000000000e+04
1.793900000000000000e+04
1.795000000000000000e+04
1.796400000000000000e+04
1.797700000000000000e+04
1.798700000000000000e+04
1.800000000000000000e+04
1.801200000000000000e+04
1.803100000000000000e+04
1.804600000000000000e+04
1.806300000000000000e+04
1.808300000000000000e+04
1.810300000000000000e+04
1.811500000000000000e+04
1.813000000000000000e+04
1.814200000000000000e+04
1.815300000000000000e+04
1.816700000000000000e+04
1.818500000000000000e+04
1.820100000000000000e+04
1.821500000000000000e+04
1.823000000000000000e+04
1.824300000000000000e+04
1.825600000000000000e+04
1.827200000000000000e+04
1.828500000000000000e+04
1.829600000000000000e+04
1.831200000000000000e+04
1.832700000000000000e+04
1.833500000000000000e+04
1.834500000000000000e+04
1.836100000000000000e+04
