1.000000000000000000e+01
1.100000000000000000e+02
2.100000000000000000e+02
3.100000000000000000e+02
4.100000000000000000e+02
5.100000000000000000e+02
6.100000000000000000e+02
7.100000000000000000e+02
8.100000000000000000e+02
9.100000000000000000e+02
1.010000000000000000e+03
1.110000000000000000e+03
1.210000000000000000e+03
1.310000000000000000e+03
1.410000000000000000e+03
1.510000000000000000e+03
1.610000000000000000e+03
1.710000000000000000e+03
1.810000000000000000e+03
1.910000000000000000e+03
2.010000000000000000e+03
2.110000000000000000e+03
2.210000000000000000e+03
2.310000000000000000e+03
2.410000000000000000e+03
2.510000000000000000e+03
2.610000000000000000e+03
2.710000000000000000e+03
2.810000000000000000e+03
2.910000000000000000e+03
3.010000000000000000e+03
3.110000000000000000e+03
3.210000000000000000e+03
3.310000000000000000e+03
3.410000000000000000e+03
3.510000000000000000e+03
3.610000000000000000e+03
3.710000000000000000e+03
3.810000000000000000e+03
3.910000000000000000e+03
4.010000000000000000e+03
4.110000000000000000e+03
4.210000000000000000e+03
4.310000000000000000e+03
4.410000000000000000e+03
4.510000000000000000e+03
4.610000000000000000e+03
4.710000000000000000e+03
4.810000000000000000e+03
4.910000000000000000e+03
5.010000000000000000e+03
5.110000000000000000e+03
5.210000000000000000e+03
5.310000000000000000e+03
5.410000000000000000e+03
5.510000000000000000e+03
5.610000000000000000e+03
5.710000000000000000e+03
5.810000000000000000e+03
5.910000000000000000e+03
6.010000000000000000e+03
6.110000000000000000e+03
6.210000000000000000e+03
6.310000000000000000e+03
6.410000000000000000e+03
6.510000000000000000e+03
6.610000000000000000e+03
6.710000000000000000e+03
6.810000000000000000e+03
6.910000000000000000e+03
7.010000000000000000e+03
7.110000000000000000e+03
7.210000000000000000e+03
7.310000000000000000e+03
7.410000000000000000e+03
7.510000000000000000e+03
7.610000000000000000e+03
7.710000000000000000e+03
7.810000000000000000e+03
7.910000000000000000e+03
8.010000000000000000e+03
8.110000000000000000e+03
8.210000000000000000e+03
8.310000000000000000e+03
8.410000000000000000e+03
8.510000000000000000e+03
8.610000000000000000e+03
8.710000000000000000e+03
8.810000000000000000e+03
8.910000000000000000e+03
9.010000000000000000e+03
9.110000000000000000e+03
9.210000000000000000e+03
9.310000000000000000e+03
9.410000000000000000e+03
9.510000000000000000e+03
9.610000000000000000e+03
9.710000000000000000e+03
9.810000000000000000e+03
9.910000000000000000e+03
1.001000000000000000e+04
1.011000000000000000e+04
1.021000000000000000e+04
1.031000000000000000e+04
1.041000000000000000e+04
1.051000000000000000e+04
1.061000000000000000e+04
1.071000000000000000e+04
1.081000000000000000e+04
1.091000000000000000e+04
1.101000000000000000e+04
1.111000000000000000e+04
1.121000000000000000e+04
1.131000000000000000e+04
1.141000000000000000e+04
1.151000000000000000e+04
1.161000000000000000e+04
1.171000000000000000e+04
1.181000000000000000e+04
1.191000000000000000e+04
1.201000000000000000e+04
1.211000000000000000e+04
1.221000000000000000e+04
1.231000000000000000e+04
1.241000000000000000e+04
1.251000000000000000e+04
1.261000000000000000e+04
1.271000000000000000e+04
1.281000000000000000e+04
1.291000000000000000e+04
1.301000000000000000e+04
1.311000000000000000e+04
1.321000000000000000e+04
1.331000000000000000e+04
1.341000000000000000e+04
1.351000000000000000e+04
1.361000000000000000e+04
1.371000000000000000e+04
1.381000000000000000e+04
1.391000000000000000e+04
1.401000000000000000e+04
1.411000000000000000e+04
1.421000000000000000e+04
1.431000000000000000e+04
1.441000000000000000e+04
1.451000000000000000e+04
1.461000000000000000e+04
1.471000000000000000e+04
1.481000000000000000e+04
1.491000000000000000e+04
1.501000000000000000e+04
1.511000000000000000e+04
1.521000000000000000e+04
1.531000000000000000e+04
1.541000000000000000e+04
1.551000000000000000e+04
1.561000000000000000e+04
1.571000000000000000e+04
1.581000000000000000e+04
1.591000000000000000e+04
1.601000000000000000e+04
1.611000000000000000e+04
1.621000000000000000e+04
1.631000000000000000e+04
1.641000000000000000e+04
1.651000000000000000e+04
1.661000000000000000e+04
1.671000000000000000e+04
1.681000000000000000e+04
1.691000000000000000e+04
1.701000000000000000e+04
1.711000000000000000e+04
1.721000000000000000e+04
1.731000000000000000e+04
1.741000000000000000e+04
1.751000000000000000e+04
1.761000000000000000e+04
1.771000000000000000e+04
1.781000000000000000e+04
1.791000000000000000e+04
1.801000000000000000e+04
1.811000000000000000e+04
1.821000000000000000e+04
1.831000000000000000e+04
1.841000000000000000e+04
1.851000000000000000e+04
1.861000000000000000e+04
1.871000000000000000e+04
1.881000000000000000e+04
1.891000000000000000e+04
1.901000000000000000e+04
1.911000000000000000e+04
1.921000000000000000e+04
1.931000000000000000e+04
1.941000000000000000e+04
1.951000000000000000e+04
1.961000000000000000e+04
1.971000000000000000e+04
1.981000000000000000e+04
1.991000000000000000e+04
2.001000000000000000e+04
2.011000000000000000e+04
2.021000000000000000e+04
2.031000000000000000e+04
2.041000000000000000e+04
2.051000000000000000e+04
2.061000000000000000e+04
2.071000000000000000e+04
2.081000000000000000e+04
2.091000000000000000e+04
2.101000000000000000e+04
2.111000000000000000e+04
2.121000000000000000e+04
2.131000000000000000e+04
2.141000000000000000e+04
2.151000000000000000e+04
2.161000000000000000e+04
2.171000000000000000e+04
2.181000000000000000e+04
2.191000000000000000e+04
2.201000000000000000e+04
2.211000000000000000e+04
2.221000000000000000e+04
2.231000000000000000e+04
2.241000000000000000e+04
2.251000000000000000e+04
2.261000000000000000e+04
2.271000000000000000e+04
2.281000000000000000e+04
2.291000000000000000e+04
2.301000000000000000e+04
2.311000000000000000e+04
2.321000000000000000e+04
2.331000000000000000e+04
2.341000000000000000e+04
2.351000000000000000e+04
2.361000000000000000e+04
2.371000000000000000e+04
2.381000000000000000e+04
2.391000000000000000e+04
2.401000000000000000e+04
2.411000000000000000e+04
2.421000000000000000e+04
2.431000000000000000e+04
2.441000000000000000e+04
2.451000000000000000e+04
2.461000000000000000e+04
2.471000000000000000e+04
2.481000000000000000e+04
2.491000000000000000e+04
2.501000000000000000e+04
2.511000000000000000e+04
2.521000000000000000e+04
2.531000000000000000e+04
2.541000000000000000e+04
2.551000000000000000e+04
2.561000000000000000e+04
2.571000000000000000e+04
2.581000000000000000e+04
2.591000000000000000e+04
2.601000000000000000e+04
2.611000000000000000e+04
2.621000000000000000e+04
2.631000000000000000e+04
2.641000000000000000e+04
2.651000000000000000e+04
2.661000000000000000e+04
2.671000000000000000e+04
2.681000000000000000e+04
2.691000000000000000e+04
2.701000000000000000e+04
2.711000000000000000e+04
2.721000000000000000e+04
2.731000000000000000e+04
2.741000000000000000e+04
2.751000000000000000e+04
2.761000000000000000e+04
2.771000000000000000e+04
2.781000000000000000e+04
2.791000000000000000e+04
2.801000000000000000e+04
2.811000000000000000e+04
2.821000000000000000e+04
2.831000000000000000e+04
2.841000000000000000e+04
2.851000000000000000e+04
2.861000000000000000e+04
2.871000000000000000e+04
2.881000000000000000e+04
2.891000000000000000e+04
2.901000000000000000e+04
2.911000000000000000e+04
2.921000000000000000e+04
2.931000000000000000e+04
2.941000000000000000e+04
2.951000000000000000e+04
2.961000000000000000e+04
2.971000000000000000e+04
2.981000000000000000e+04
2.991000000000000000e+04
3.001000000000000000e+04
3.011000000000000000e+04
3.021000000000000000e+04
3.031000000000000000e+04
3.041000000000000000e+04
3.051000000000000000e+04
3.061000000000000000e+04
3.071000000000000000e+04
3.081000000000000000e+04
3.091000000000000000e+04
3.101000000000000000e+04
3.111000000000000000e+04
3.121000000000000000e+04
3.131000000000000000e+04
3.141000000000000000e+04
3.151000000000000000e+04
3.161000000000000000e+04
3.171000000000000000e+04
3.181000000000000000e+04
3.191000000000000000e+04
3.201000000000000000e+04
3.211000000000000000e+04
3.221000000000000000e+04
3.231000000000000000e+04
3.241000000000000000e+04
3.251000000000000000e+04
3.261000000000000000e+04
3.271000000000000000e+04
3.281000000000000000e+04
3.291000000000000000e+04
3.301000000000000000e+04
3.311000000000000000e+04
3.321000000000000000e+04
3.331000000000000000e+04
3.341000000000000000e+04
3.351000000000000000e+04
3.361000000000000000e+04
3.371000000000000000e+04
3.381000000000000000e+04
3.391000000000000000e+04
3.401000000000000000e+04
3.411000000000000000e+04
3.421000000000000000e+04
3.431000000000000000e+04
3.441000000000000000e+04
3.451000000000000000e+04
3.461000000000000000e+04
3.471000000000000000e+04
3.481000000000000000e+04
3.491000000000000000e+04
3.501000000000000000e+04
3.511000000000000000e+04
3.521000000000000000e+04
3.531000000000000000e+04
3.541000000000000000e+04
3.551000000000000000e+04
3.561000000000000000e+04
3.571000000000000000e+04
3.581000000000000000e+04
3.591000000000000000e+04
3.601000000000000000e+04
3.611000000000000000e+04
3.621000000000000000e+04
3.631000000000000000e+04
3.641000000000000000e+04
3.651000000000000000e+04
3.661000000000000000e+04
3.671000000000000000e+04
3.681000000000000000e+04
3.691000000000000000e+04
3.701000000000000000e+04
3.711000000000000000e+04
3.721000000000000000e+04
3.731000000000000000e+04
3.741000000000000000e+04
3.751000000000000000e+04
3.761000000000000000e+04
3.771000000000000000e+04
3.781000000000000000e+04
3.791000000000000000e+04
3.801000000000000000e+04
3.811000000000000000e+04
3.821000000000000000e+04
3.831000000000000000e+04
3.841000000000000000e+04
3.851000000000000000e+04
3.861000000000000000e+04
3.871000000000000000e+04
3.881000000000000000e+04
3.891000000000000000e+04
3.901000000000000000e+04
3.911000000000000000e+04
3.921000000000000000e+04
3.931000000000000000e+04
3.941000000000000000e+04
3.951000000000000000e+04
3.961000000000000000e+04
3.971000000000000000e+04
3.981000000000000000e+04
3.991000000000000000e+04
4.001000000000000000e+04
4.011000000000000000e+04
4.021000000000000000e+04
4.031000000000000000e+04
4.041000000000000000e+04
4.051000000000000000e+04
4.061000000000000000e+04
4.071000000000000000e+04
4.081000000000000000e+04
4.091000000000000000e+04
4.101000000000000000e+04
4.111000000000000000e+04
4.121000000000000000e+04
4.131000000000000000e+04
4.141000000000000000e+04
4.151000000000000000e+04
4.161000000000000000e+04
4.171000000000000000e+04
4.181000000000000000e+04
4.191000000000000000e+04
4.201000000000000000e+04
4.211000000000000000e+04
4.221000000000000000e+04
4.231000000000000000e+04
4.241000000000000000e+04
4.251000000000000000e+04
4.261000000000000000e+04
4.271000000000000000e+04
4.281000000000000000e+04
4.291000000000000000e+04
4.301000000000000000e+04
4.311000000000000000e+04
4.321000000000000000e+04
4.331000000000000000e+04
4.341000000000000000e+04
4.351000000000000000e+04
4.361000000000000000e+04
4.371000000000000000e+04
4.381000000000000000e+04
4.391000000000000000e+04
4.401000000000000000e+04
4.411000000000000000e+04
4.421000000000000000e+04
4.431000000000000000e+04
4.441000000000000000e+04
4.451000000000000000e+04
4.461000000000000000e+04
4.471000000000000000e+04
4.481000000000000000e+04
4.491000000000000000e+04
4.501000000000000000e+04
4.511000000000000000e+04
4.521000000000000000e+04
4.531000000000000000e+04
4.541000000000000000e+04
4.551000000000000000e+04
4.561000000000000000e+04
4.571000000000000000e+04
4.581000000000000000e+04
4.591000000000000000e+04
4.601000000000000000e+04
4.611000000000000000e+04
4.621000000000000000e+04
4.631000000000000000e+04
4.641000000000000000e+04
4.651000000000000000e+04
4.661000000000000000e+04
4.671000000000000000e+04
4.681000000000000000e+04
4.691000000000000000e+04
4.701000000000000000e+04
4.711000000000000000e+04
4.721000000000000000e+04
4.731000000000000000e+04
4.741000000000000000e+04
4.751000000000000000e+04
4.761000000000000000e+04
4.771000000000000000e+04
4.781000000000000000e+04
4.791000000000000000e+04
4.801000000000000000e+04
4.811000000000000000e+04
4.821000000000000000e+04
4.831000000000000000e+04
4.841000000000000000e+04
4.851000000000000000e+04
4.861000000000000000e+04
4.871000000000000000e+04
4.881000000000000000e+04
4.891000000000000000e+04
4.901000000000000000e+04
4.911000000000000000e+04
4.921000000000000000e+04
4.931000000000000000e+04
4.941000000000000000e+04
4.951000000000000000e+04
4.961000000000000000e+04
4.971000000000000000e+04
4.981000000000000000e+04
4.991000000000000000e+04
5.001000000000000000e+04
5.011000000000000000e+04
5.021000000000000000e+04
5.031000000000000000e+04
5.041000000000000000e+04
5.051000000000000000e+04
5.061000000000000000e+04
5.071000000000000000e+04
5.081000000000000000e+04
5.091000000000000000e+04
5.101000000000000000e+04
5.111000000000000000e+04
5.121000000000000000e+04
5.131000000000000000e+04
5.141000000000000000e+04
5.151000000000000000e+04
5.161000000000000000e+04
5.171000000000000000e+04
5.181000000000000000e+04
5.191000000000000000e+04
5.201000000000000000e+04
5.211000000000000000e+04
5.221000000000000000e+04
5.231000000000000000e+04
5.241000000000000000e+04
5.251000000000000000e+04
5.261000000000000000e+04
5.271000000000000000e+04
5.281000000000000000e+04
5.291000000000000000e+04
5.301000000000000000e+04
5.311000000000000000e+04
5.321000000000000000e+04
5.331000000000000000e+04
5.341000000000000000e+04
5.351000000000000000e+04
5.361000000000000000e+04
5.371000000000000000e+04
5.381000000000000000e+04
5.391000000000000000e+04
5.401000000000000000e+04
5.411000000000000000e+04
5.421000000000000000e+04
5.431000000000000000e+04
5.441000000000000000e+04
5.451000000000000000e+04
5.461000000000000000e+04
5.471000000000000000e+04
5.481000000000000000e+04
5.491000000000000000e+04
5.501000000000000000e+04
5.511000000000000000e+04
5.521000000000000000e+04
5.531000000000000000e+04
5.541000000000000000e+04
5.551000000000000000e+04
5.561000000000000000e+04
5.571000000000000000e+04
5.581000000000000000e+04
5.591000000000000000e+04
5.601000000000000000e+04
5.611000000000000000e+04
5.621000000000000000e+04
5.631000000000000000e+04
5.641000000000000000e+04
5.651000000000000000e+04
5.661000000000000000e+04
5.671000000000000000e+04
5.681000000000000000e+04
5.691000000000000000e+04
5.701000000000000000e+04
5.711000000000000000e+04
5.721000000000000000e+04
5.731000000000000000e+04
5.741000000000000000e+04
5.751000000000000000e+04
5.761000000000000000e+04
5.771000000000000000e+04
5.781000000000000000e+04
5.791000000000000000e+04
5.801000000000000000e+04
5.811000000000000000e+04
5.821000000000000000e+04
5.831000000000000000e+04
5.841000000000000000e+04
5.851000000000000000e+04
5.861000000000000000e+04
5.871000000000000000e+04
5.881000000000000000e+04
5.891000000000000000e+04
5.901000000000000000e+04
5.911000000000000000e+04
5.921000000000000000e+04
5.931000000000000000e+04
5.941000000000000000e+04
5.951000000000000000e+04
5.961000000000000000e+04
5.971000000000000000e+04
5.981000000000000000e+04
5.991000000000000000e+04
6.001000000000000000e+04
6.011000000000000000e+04
6.021000000000000000e+04
6.031000000000000000e+04
6.041000000000000000e+04
6.051000000000000000e+04
6.061000000000000000e+04
6.071000000000000000e+04
6.081000000000000000e+04
6.091000000000000000e+04
6.101000000000000000e+04
6.111000000000000000e+04
6.121000000000000000e+04
6.131000000000000000e+04
6.141000000000000000e+04
6.151000000000000000e+04
6.161000000000000000e+04
6.171000000000000000e+04
6.181000000000000000e+04
6.191000000000000000e+04
6.201000000000000000e+04
6.211000000000000000e+04
6.221000000000000000e+04
6.231000000000000000e+04
6.241000000000000000e+04
6.251000000000000000e+04
6.261000000000000000e+04
6.271000000000000000e+04
6.281000000000000000e+04
6.291000000000000000e+04
6.301000000000000000e+04
6.311000000000000000e+04
6.321000000000000000e+04
6.331000000000000000e+04
6.341000000000000000e+04
6.351000000000000000e+04
6.361000000000000000e+04
6.371000000000000000e+04
6.381000000000000000e+04
6.391000000000000000e+04
6.401000000000000000e+04
6.411000000000000000e+04
6.421000000000000000e+04
6.431000000000000000e+04
6.441000000000000000e+04
6.451000000000000000e+04
6.461000000000000000e+04
6.471000000000000000e+04
6.481000000000000000e+04
6.491000000000000000e+04
6.501000000000000000e+04
6.511000000000000000e+04
6.521000000000000000e+04
6.531000000000000000e+04
6.541000000000000000e+04
6.551000000000000000e+04
6.561000000000000000e+04
6.571000000000000000e+04
6.581000000000000000e+04
6.591000000000000000e+04
6.601000000000000000e+04
6.611000000000000000e+04
6.621000000000000000e+04
6.631000000000000000e+04
6.641000000000000000e+04
6.651000000000000000e+04
6.661000000000000000e+04
6.671000000000000000e+04
6.681000000000000000e+04
6.691000000000000000e+04
6.701000000000000000e+04
6.711000000000000000e+04
6.721000000000000000e+04
6.731000000000000000e+04
6.741000000000000000e+04
6.751000000000000000e+04
6.761000000000000000e+04
6.771000000000000000e+04
6.781000000000000000e+04
6.791000000000000000e+04
6.801000000000000000e+04
6.811000000000000000e+04
6.821000000000000000e+04
6.831000000000000000e+04
6.841000000000000000e+04
6.851000000000000000e+04
6.861000000000000000e+04
6.871000000000000000e+04
6.881000000000000000e+04
6.891000000000000000e+04
6.901000000000000000e+04
6.911000000000000000e+04
6.921000000000000000e+04
6.931000000000000000e+04
6.941000000000000000e+04
6.951000000000000000e+04
6.961000000000000000e+04
6.971000000000000000e+04
6.981000000000000000e+04
6.991000000000000000e+04
7.001000000000000000e+04
7.011000000000000000e+04
7.021000000000000000e+04
7.031000000000000000e+04
7.041000000000000000e+04
7.051000000000000000e+04
7.061000000000000000e+04
7.071000000000000000e+04
7.081000000000000000e+04
7.091000000000000000e+04
7.101000000000000000e+04
7.111000000000000000e+04
7.121000000000000000e+04
7.131000000000000000e+04
7.141000000000000000e+04
7.151000000000000000e+04
7.161000000000000000e+04
7.171000000000000000e+04
7.181000000000000000e+04
7.191000000000000000e+04
7.201000000000000000e+04
7.211000000000000000e+04
7.221000000000000000e+04
7.231000000000000000e+04
7.241000000000000000e+04
7.251000000000000000e+04
7.261000000000000000e+04
7.271000000000000000e+04
7.281000000000000000e+04
7.291000000000000000e+04
7.301000000000000000e+04
7.311000000000000000e+04
7.321000000000000000e+04
7.331000000000000000e+04
7.341000000000000000e+04
7.351000000000000000e+04
7.361000000000000000e+04
7.371000000000000000e+04
7.381000000000000000e+04
7.391000000000000000e+04
7.401000000000000000e+04
7.411000000000000000e+04
7.421000000000000000e+04
7.431000000000000000e+04
7.441000000000000000e+04
7.451000000000000000e+04
7.461000000000000000e+04
7.471000000000000000e+04
7.481000000000000000e+04
7.491000000000000000e+04
7.501000000000000000e+04
7.511000000000000000e+04
7.521000000000000000e+04
7.531000000000000000e+04
7.541000000000000000e+04
7.551000000000000000e+04
7.561000000000000000e+04
7.571000000000000000e+04
7.581000000000000000e+04
7.591000000000000000e+04
7.601000000000000000e+04
7.611000000000000000e+04
7.621000000000000000e+04
7.631000000000000000e+04
7.641000000000000000e+04
7.651000000000000000e+04
7.661000000000000000e+04
7.671000000000000000e+04
7.681000000000000000e+04
7.691000000000000000e+04
7.701000000000000000e+04
7.711000000000000000e+04
7.721000000000000000e+04
7.731000000000000000e+04
7.741000000000000000e+04
7.751000000000000000e+04
7.761000000000000000e+04
7.771000000000000000e+04
7.781000000000000000e+04
7.791000000000000000e+04
7.801000000000000000e+04
7.811000000000000000e+04
7.821000000000000000e+04
7.831000000000000000e+04
7.841000000000000000e+04
7.851000000000000000e+04
7.861000000000000000e+04
7.871000000000000000e+04
7.881000000000000000e+04
7.891000000000000000e+04
7.901000000000000000e+04
7.911000000000000000e+04
7.921000000000000000e+04
7.931000000000000000e+04
7.941000000000000000e+04
7.951000000000000000e+04
7.961000000000000000e+04
7.971000000000000000e+04
7.981000000000000000e+04
7.991000000000000000e+04
8.001000000000000000e+04
8.011000000000000000e+04
8.021000000000000000e+04
8.031000000000000000e+04
8.041000000000000000e+04
8.051000000000000000e+04
8.061000000000000000e+04
8.071000000000000000e+04
8.081000000000000000e+04
8.091000000000000000e+04
8.101000000000000000e+04
8.111000000000000000e+04
8.121000000000000000e+04
8.131000000000000000e+04
8.141000000000000000e+04
8.151000000000000000e+04
8.161000000000000000e+04
8.171000000000000000e+04
8.181000000000000000e+04
8.191000000000000000e+04
8.201000000000000000e+04
8.211000000000000000e+04
8.221000000000000000e+04
8.231000000000000000e+04
8.241000000000000000e+04
8.251000000000000000e+04
8.261000000000000000e+04
8.271000000000000000e+04
8.281000000000000000e+04
8.291000000000000000e+04
8.301000000000000000e+04
8.311000000000000000e+04
8.321000000000000000e+04
8.331000000000000000e+04
8.341000000000000000e+04
8.351000000000000000e+04
8.361000000000000000e+04
8.371000000000000000e+04
8.381000000000000000e+04
8.391000000000000000e+04
8.401000000000000000e+04
8.411000000000000000e+04
8.421000000000000000e+04
8.431000000000000000e+04
8.441000000000000000e+04
8.451000000000000000e+04
8.461000000000000000e+04
8.471000000000000000e+04
8.481000000000000000e+04
8.491000000000000000e+04
8.501000000000000000e+04
8.511000000000000000e+04
8.521000000000000000e+04
8.531000000000000000e+04
8.541000000000000000e+04
8.551000000000000000e+04
8.561000000000000000e+04
8.571000000000000000e+04
8.581000000000000000e+04
8.591000000000000000e+04
8.601000000000000000e+04
8.611000000000000000e+04
8.621000000000000000e+04
8.631000000000000000e+04
8.641000000000000000e+04
8.651000000000000000e+04
8.661000000000000000e+04
8.671000000000000000e+04
8.681000000000000000e+04
8.691000000000000000e+04
8.701000000000000000e+04
8.711000000000000000e+04
8.721000000000000000e+04
8.731000000000000000e+04
8.741000000000000000e+04
8.751000000000000000e+04
8.761000000000000000e+04
8.771000000000000000e+04
8.781000000000000000e+04
8.791000000000000000e+04
8.801000000000000000e+04
8.811000000000000000e+04
8.821000000000000000e+04
8.831000000000000000e+04
8.841000000000000000e+04
8.851000000000000000e+04
8.861000000000000000e+04
8.871000000000000000e+04
8.881000000000000000e+04
8.891000000000000000e+04
8.901000000000000000e+04
8.911000000000000000e+04
8.921000000000000000e+04
8.931000000000000000e+04
8.941000000000000000e+04
8.951000000000000000e+04
8.961000000000000000e+04
8.971000000000000000e+04
8.981000000000000000e+04
8.991000000000000000e+04
9.001000000000000000e+04
9.011000000000000000e+04
9.021000000000000000e+04
9.031000000000000000e+04
9.041000000000000000e+04
9.051000000000000000e+04
9.061000000000000000e+04
9.071000000000000000e+04
9.081000000000000000e+04
9.091000000000000000e+04
9.101000000000000000e+04
9.111000000000000000e+04
9.121000000000000000e+04
9.131000000000000000e+04
9.141000000000000000e+04
9.151000000000000000e+04
9.161000000000000000e+04
9.171000000000000000e+04
9.181000000000000000e+04
9.191000000000000000e+04
9.201000000000000000e+04
9.211000000000000000e+04
9.221000000000000000e+04
9.231000000000000000e+04
9.241000000000000000e+04
9.251000000000000000e+04
9.261000000000000000e+04
9.271000000000000000e+04
9.281000000000000000e+04
9.291000000000000000e+04
9.301000000000000000e+04
9.311000000000000000e+04
9.321000000000000000e+04
9.331000000000000000e+04
9.341000000000000000e+04
9.351000000000000000e+04
9.361000000000000000e+04
9.371000000000000000e+04
9.381000000000000000e+04
9.391000000000000000e+04
9.401000000000000000e+04
9.411000000000000000e+04
9.421000000000000000e+04
9.431000000000000000e+04
9.441000000000000000e+04
9.451000000000000000e+04
9.461000000000000000e+04
9.471000000000000000e+04
9.481000000000000000e+04
9.491000000000000000e+04
9.501000000000000000e+04
9.511000000000000000e+04
9.521000000000000000e+04
9.531000000000000000e+04
9.541000000000000000e+04
9.551000000000000000e+04
9.561000000000000000e+04
9.571000000000000000e+04
9.581000000000000000e+04
9.591000000000000000e+04
9.601000000000000000e+04
9.611000000000000000e+04
9.621000000000000000e+04
9.631000000000000000e+04
9.641000000000000000e+04
9.651000000000000000e+04
9.661000000000000000e+04
9.671000000000000000e+04
9.681000000000000000e+04
9.691000000000000000e+04
9.701000000000000000e+04
9.711000000000000000e+04
9.721000000000000000e+04
9.731000000000000000e+04
9.741000000000000000e+04
9.751000000000000000e+04
9.761000000000000000e+04
9.771000000000000000e+04
9.781000000000000000e+04
9.791000000000000000e+04
9.801000000000000000e+04
9.811000000000000000e+04
9.821000000000000000e+04
9.831000000000000000e+04
9.841000000000000000e+04
9.851000000000000000e+04
9.861000000000000000e+04
9.871000000000000000e+04
9.881000000000000000e+04
9.891000000000000000e+04
9.901000000000000000e+04
9.911000000000000000e+04
9.921000000000000000e+04
9.931000000000000000e+04
9.941000000000000000e+04
9.951000000000000000e+04
9.961000000000000000e+04
9.971000000000000000e+04
9.981000000000000000e+04
9.991000000000000000e+04
