0.000000000000000000e+00
1.000000000000000000e+01
2.000000000000000000e+01
3.000000000000000000e+01
5.000000000000000000e+01
6.000000000000000000e+01
7.000000000000000000e+01
8.000000000000000000e+01
1.000000000000000000e+02
1.100000000000000000e+02
1.200000000000000000e+02
1.300000000000000000e+02
1.500000000000000000e+02
1.600000000000000000e+02
1.700000000000000000e+02
1.800000000000000000e+02
2.000000000000000000e+02
2.100000000000000000e+02
2.200000000000000000e+02
2.300000000000000000e+02
2.500000000000000000e+02
2.600000000000000000e+02
2.700000000000000000e+02
2.800000000000000000e+02
3.000000000000000000e+02
3.100000000000000000e+02
3.200000000000000000e+02
3.300000000000000000e+02
3.500000000000000000e+02
3.600000000000000000e+02
3.700000000000000000e+02
3.800000000000000000e+02
4.000000000000000000e+02
4.100000000000000000e+02
4.200000000000000000e+02
4.300000000000000000e+02
4.500000000000000000e+02
4.600000000000000000e+02
4.700000000000000000e+02
4.800000000000000000e+02
5.000000000000000000e+02
5.100000000000000000e+02
5.200000000000000000e+02
5.300000000000000000e+02
5.500000000000000000e+02
5.600000000000000000e+02
5.700000000000000000e+02
5.800000000000000000e+02
6.000000000000000000e+02
6.100000000000000000e+02
6.200000000000000000e+02
6.300000000000000000e+02
6.500000000000000000e+02
6.600000000000000000e+02
6.700000000000000000e+02
6.800000000000000000e+02
7.000000000000000000e+02
7.100000000000000000e+02
7.200000000000000000e+02
7.300000000000000000e+02
7.500000000000000000e+02
7.600000000000000000e+02
7.700000000000000000e+02
7.800000000000000000e+02
8.000000000000000000e+02
8.100000000000000000e+02
8.200000000000000000e+02
8.300000000000000000e+02
8.500000000000000000e+02
8.600000000000000000e+02
8.700000000000000000e+02
8.800000000000000000e+02
9.000000000000000000e+02
9.100000000000000000e+02
9.200000000000000000e+02
9.300000000000000000e+02
9.500000000000000000e+02
9.600000000000000000e+02
9.700000000000000000e+02
9.800000000000000000e+02
1.000000000000000000e+03
1.010000000000000000e+03
1.020000000000000000e+03
1.030000000000000000e+03
1.050000000000000000e+03
1.060000000000000000e+03
1.070000000000000000e+03
1.080000000000000000e+03
1.100000000000000000e+03
1.110000000000000000e+03
1.120000000000000000e+03
1.130000000000000000e+03
1.150000000000000000e+03
1.160000000000000000e+03
1.170000000000000000e+03
1.180000000000000000e+03
1.200000000000000000e+03
1.210000000000000000e+03
1.220000000000000000e+03
1.230000000000000000e+03
1.250000000000000000e+03
1.260000000000000000e+03
1.270000000000000000e+03
1.280000000000000000e+03
1.300000000000000000e+03
1.310000000000000000e+03
1.320000000000000000e+03
1.330000000000000000e+03
1.350000000000000000e+03
1.360000000000000000e+03
1.370000000000000000e+03
1.380000000000000000e+03
1.400000000000000000e+03
1.410000000000000000e+03
1.420000000000000000e+03
1.430000000000000000e+03
1.450000000000000000e+03
1.460000000000000000e+03
1.470000000000000000e+03
1.480000000000000000e+03
1.500000000000000000e+03
1.510000000000000000e+03
1.520000000000000000e+03
1.530000000000000000e+03
1.550000000000000000e+03
1.560000000000000000e+03
1.570000000000000000e+03
1.580000000000000000e+03
1.600000000000000000e+03
1.610000000000000000e+03
1.620000000000000000e+03
1.630000000000000000e+03
1.650000000000000000e+03
1.660000000000000000e+03
1.670000000000000000e+03
1.680000000000000000e+03
1.700000000000000000e+03
1.710000000000000000e+03
1.720000000000000000e+03
1.730000000000000000e+03
1.750000000000000000e+03
1.760000000000000000e+03
1.770000000000000000e+03
1.780000000000000000e+03
1.800000000000000000e+03
1.810000000000000000e+03
1.820000000000000000e+03
1.830000000000000000e+03
1.850000000000000000e+03
1.860000000000000000e+03
1.870000000000000000e+03
1.880000000000000000e+03
1.900000000000000000e+03
1.910000000000000000e+03
1.920000000000000000e+03
1.930000000000000000e+03
1.950000000000000000e+03
1.960000000000000000e+03
1.970000000000000000e+03
1.980000000000000000e+03
2.000000000000000000e+03
2.010000000000000000e+03
2.020000000000000000e+03
2.030000000000000000e+03
2.050000000000000000e+03
2.060000000000000000e+03
2.070000000000000000e+03
2.080000000000000000e+03
2.100000000000000000e+03
2.110000000000000000e+03
2.120000000000000000e+03
2.130000000000000000e+03
2.150000000000000000e+03
2.160000000000000000e+03
2.170000000000000000e+03
2.180000000000000000e+03
2.200000000000000000e+03
2.210000000000000000e+03
2.220000000000000000e+03
2.230000000000000000e+03
2.250000000000000000e+03
2.260000000000000000e+03
2.270000000000000000e+03
2.280000000000000000e+03
2.300000000000000000e+03
2.310000000000000000e+03
2.320000000000000000e+03
2.330000000000000000e+03
2.350000000000000000e+03
2.360000000000000000e+03
2.370000000000000000e+03
2.380000000000000000e+03
2.400000000000000000e+03
2.410000000000000000e+03
2.420000000000000000e+03
2.430000000000000000e+03
2.450000000000000000e+03
2.460000000000000000e+03
2.470000000000000000e+03
2.480000000000000000e+03
2.500000000000000000e+03
2.510000000000000000e+03
2.520000000000000000e+03
2.530000000000000000e+03
2.550000000000000000e+03
2.560000000000000000e+03
2.570000000000000000e+03
2.580000000000000000e+03
2.600000000000000000e+03
2.610000000000000000e+03
2.620000000000000000e+03
2.630000000000000000e+03
2.650000000000000000e+03
2.660000000000000000e+03
2.670000000000000000e+03
2.680000000000000000e+03
2.700000000000000000e+03
2.710000000000000000e+03
2.720000000000000000e+03
2.730000000000000000e+03
2.750000000000000000e+03
2.760000000000000000e+03
2.770000000000000000e+03
2.780000000000000000e+03
2.800000000000000000e+03
2.810000000000000000e+03
2.820000000000000000e+03
2.830000000000000000e+03
2.850000000000000000e+03
2.860000000000000000e+03
2.870000000000000000e+03
2.880000000000000000e+03
2.900000000000000000e+03
2.910000000000000000e+03
2.920000000000000000e+03
2.930000000000000000e+03
2.950000000000000000e+03
2.960000000000000000e+03
2.970000000000000000e+03
2.980000000000000000e+03
3.000000000000000000e+03
3.010000000000000000e+03
3.020000000000000000e+03
3.030000000000000000e+03
3.050000000000000000e+03
3.060000000000000000e+03
3.070000000000000000e+03
3.080000000000000000e+03
3.100000000000000000e+03
3.110000000000000000e+03
3.120000000000000000e+03
3.130000000000000000e+03
3.150000000000000000e+03
3.160000000000000000e+03
3.170000000000000000e+03
3.180000000000000000e+03
3.200000000000000000e+03
3.210000000000000000e+03
3.220000000000000000e+03
3.230000000000000000e+03
3.250000000000000000e+03
3.260000000000000000e+03
3.270000000000000000e+03
3.280000000000000000e+03
3.300000000000000000e+03
3.310000000000000000e+03
3.320000000000000000e+03
3.330000000000000000e+03
3.350000000000000000e+03
3.360000000000000000e+03
3.370000000000000000e+03
3.380000000000000000e+03
3.400000000000000000e+03
3.410000000000000000e+03
3.420000000000000000e+03
3.430000000000000000e+03
3.450000000000000000e+03
3.460000000000000000e+03
3.470000000000000000e+03
3.480000000000000000e+03
3.500000000000000000e+03
3.510000000000000000e+03
3.520000000000000000e+03
3.530000000000000000e+03
3.550000000000000000e+03
3.560000000000000000e+03
3.570000000000000000e+03
3.580000000000000000e+03
3.600000000000000000e+03
3.610000000000000000e+03
3.620000000000000000e+03
3.630000000000000000e+03
3.650000000000000000e+03
3.660000000000000000e+03
3.670000000000000000e+03
3.680000000000000000e+03
3.700000000000000000e+03
3.710000000000000000e+03
3.720000000000000000e+03
3.730000000000000000e+03
3.750000000000000000e+03
3.760000000000000000e+03
3.770000000000000000e+03
3.780000000000000000e+03
3.800000000000000000e+03
3.810000000000000000e+03
3.820000000000000000e+03
3.830000000000000000e+03
3.850000000000000000e+03
3.860000000000000000e+03
3.870000000000000000e+03
3.880000000000000000e+03
3.900000000000000000e+03
3.910000000000000000e+03
3.920000000000000000e+03
3.930000000000000000e+03
3.950000000000000000e+03
3.960000000000000000e+03
3.970000000000000000e+03
3.980000000000000000e+03
4.000000000000000000e+03
4.010000000000000000e+03
4.020000000000000000e+03
4.030000000000000000e+03
4.050000000000000000e+03
4.060000000000000000e+03
4.070000000000000000e+03
4.080000000000000000e+03
4.100000000000000000e+03
4.110000000000000000e+03
4.120000000000000000e+03
4.130000000000000000e+03
4.150000000000000000e+03
4.160000000000000000e+03
4.170000000000000000e+03
4.180000000000000000e+03
4.200000000000000000e+03
4.210000000000000000e+03
4.220000000000000000e+03
4.230000000000000000e+03
4.250000000000000000e+03
4.260000000000000000e+03
4.270000000000000000e+03
4.280000000000000000e+03
4.300000000000000000e+03
4.310000000000000000e+03
4.320000000000000000e+03
4.330000000000000000e+03
4.350000000000000000e+03
4.360000000000000000e+03
4.370000000000000000e+03
4.380000000000000000e+03
4.400000000000000000e+03
4.410000000000000000e+03
4.420000000000000000e+03
4.430000000000000000e+03
4.450000000000000000e+03
4.460000000000000000e+03
4.470000000000000000e+03
4.480000000000000000e+03
4.500000000000000000e+03
4.510000000000000000e+03
4.520000000000000000e+03
4.530000000000000000e+03
4.550000000000000000e+03
4.560000000000000000e+03
4.570000000000000000e+03
4.580000000000000000e+03
4.600000000000000000e+03
4.610000000000000000e+03
4.620000000000000000e+03
4.630000000000000000e+03
4.650000000000000000e+03
4.660000000000000000e+03
4.670000000000000000e+03
4.680000000000000000e+03
4.700000000000000000e+03
4.710000000000000000e+03
4.720000000000000000e+03
4.730000000000000000e+03
4.750000000000000000e+03
4.760000000000000000e+03
4.770000000000000000e+03
4.780000000000000000e+03
4.800000000000000000e+03
4.810000000000000000e+03
4.820000000000000000e+03
4.830000000000000000e+03
4.850000000000000000e+03
4.860000000000000000e+03
4.870000000000000000e+03
4.880000000000000000e+03
4.900000000000000000e+03
4.910000000000000000e+03
4.920000000000000000e+03
4.930000000000000000e+03
4.950000000000000000e+03
4.960000000000000000e+03
4.970000000000000000e+03
4.980000000000000000e+03
5.000000000000000000e+03
5.010000000000000000e+03
5.020000000000000000e+03
5.030000000000000000e+03
5.050000000000000000e+03
5.060000000000000000e+03
5.070000000000000000e+03
5.080000000000000000e+03
5.100000000000000000e+03
5.110000000000000000e+03
5.120000000000000000e+03
5.130000000000000000e+03
5.150000000000000000e+03
5.160000000000000000e+03
5.170000000000000000e+03
5.180000000000000000e+03
5.200000000000000000e+03
5.210000000000000000e+03
5.220000000000000000e+03
5.230000000000000000e+03
5.250000000000000000e+03
5.260000000000000000e+03
5.270000000000000000e+03
5.280000000000000000e+03
5.300000000000000000e+03
5.310000000000000000e+03
5.320000000000000000e+03
5.330000000000000000e+03
5.350000000000000000e+03
5.360000000000000000e+03
5.370000000000000000e+03
5.380000000000000000e+03
5.400000000000000000e+03
5.410000000000000000e+03
5.420000000000000000e+03
5.430000000000000000e+03
5.450000000000000000e+03
5.460000000000000000e+03
5.470000000000000000e+03
5.480000000000000000e+03
5.500000000000000000e+03
5.510000000000000000e+03
5.520000000000000000e+03
5.530000000000000000e+03
5.550000000000000000e+03
5.560000000000000000e+03
5.570000000000000000e+03
5.580000000000000000e+03
5.600000000000000000e+03
5.610000000000000000e+03
5.620000000000000000e+03
5.630000000000000000e+03
5.650000000000000000e+03
5.660000000000000000e+03
5.670000000000000000e+03
5.680000000000000000e+03
5.700000000000000000e+03
5.710000000000000000e+03
5.720000000000000000e+03
5.730000000000000000e+03
5.750000000000000000e+03
5.760000000000000000e+03
5.770000000000000000e+03
5.780000000000000000e+03
5.800000000000000000e+03
5.810000000000000000e+03
5.820000000000000000e+03
5.830000000000000000e+03
5.850000000000000000e+03
5.860000000000000000e+03
5.870000000000000000e+03
5.880000000000000000e+03
5.900000000000000000e+03
5.910000000000000000e+03
5.920000000000000000e+03
5.930000000000000000e+03
5.950000000000000000e+03
5.960000000000000000e+03
5.970000000000000000e+03
5.980000000000000000e+03
6.000000000000000000e+03
6.010000000000000000e+03
6.020000000000000000e+03
6.030000000000000000e+03
6.050000000000000000e+03
6.060000000000000000e+03
6.070000000000000000e+03
6.080000000000000000e+03
6.100000000000000000e+03
6.110000000000000000e+03
6.120000000000000000e+03
6.130000000000000000e+03
6.150000000000000000e+03
6.160000000000000000e+03
6.170000000000000000e+03
6.180000000000000000e+03
6.200000000000000000e+03
6.210000000000000000e+03
6.220000000000000000e+03
6.230000000000000000e+03
6.250000000000000000e+03
6.260000000000000000e+03
6.270000000000000000e+03
6.280000000000000000e+03
6.300000000000000000e+03
6.310000000000000000e+03
6.320000000000000000e+03
6.330000000000000000e+03
6.350000000000000000e+03
6.360000000000000000e+03
6.370000000000000000e+03
6.380000000000000000e+03
6.400000000000000000e+03
6.410000000000000000e+03
6.420000000000000000e+03
6.430000000000000000e+03
6.450000000000000000e+03
6.460000000000000000e+03
6.470000000000000000e+03
6.480000000000000000e+03
6.500000000000000000e+03
6.510000000000000000e+03
6.520000000000000000e+03
6.530000000000000000e+03
6.550000000000000000e+03
6.560000000000000000e+03
6.570000000000000000e+03
6.580000000000000000e+03
6.600000000000000000e+03
6.610000000000000000e+03
6.620000000000000000e+03
6.630000000000000000e+03
6.650000000000000000e+03
6.660000000000000000e+03
6.670000000000000000e+03
6.680000000000000000e+03
6.700000000000000000e+03
6.710000000000000000e+03
6.720000000000000000e+03
6.730000000000000000e+03
6.750000000000000000e+03
6.760000000000000000e+03
6.770000000000000000e+03
6.780000000000000000e+03
6.800000000000000000e+03
6.810000000000000000e+03
6.820000000000000000e+03
6.830000000000000000e+03
6.850000000000000000e+03
6.860000000000000000e+03
6.870000000000000000e+03
6.880000000000000000e+03
6.900000000000000000e+03
6.910000000000000000e+03
6.920000000000000000e+03
6.930000000000000000e+03
6.950000000000000000e+03
6.960000000000000000e+03
6.970000000000000000e+03
6.980000000000000000e+03
7.000000000000000000e+03
7.010000000000000000e+03
7.020000000000000000e+03
7.030000000000000000e+03
7.050000000000000000e+03
7.060000000000000000e+03
7.070000000000000000e+03
7.080000000000000000e+03
7.100000000000000000e+03
7.110000000000000000e+03
7.120000000000000000e+03
7.130000000000000000e+03
7.150000000000000000e+03
7.160000000000000000e+03
7.170000000000000000e+03
7.180000000000000000e+03
7.200000000000000000e+03
7.210000000000000000e+03
7.220000000000000000e+03
7.230000000000000000e+03
7.250000000000000000e+03
7.260000000000000000e+03
7.270000000000000000e+03
7.280000000000000000e+03
7.300000000000000000e+03
7.310000000000000000e+03
7.320000000000000000e+03
7.330000000000000000e+03
7.350000000000000000e+03
7.360000000000000000e+03
7.370000000000000000e+03
7.380000000000000000e+03
7.400000000000000000e+03
7.410000000000000000e+03
7.420000000000000000e+03
7.430000000000000000e+03
7.450000000000000000e+03
7.460000000000000000e+03
7.470000000000000000e+03
7.480000000000000000e+03
7.500000000000000000e+03
7.510000000000000000e+03
7.520000000000000000e+03
7.530000000000000000e+03
7.550000000000000000e+03
7.560000000000000000e+03
7.570000000000000000e+03
7.580000000000000000e+03
7.600000000000000000e+03
7.610000000000000000e+03
7.620000000000000000e+03
7.630000000000000000e+03
7.650000000000000000e+03
7.660000000000000000e+03
7.670000000000000000e+03
7.680000000000000000e+03
7.700000000000000000e+03
7.710000000000000000e+03
7.720000000000000000e+03
7.730000000000000000e+03
7.750000000000000000e+03
7.760000000000000000e+03
7.770000000000000000e+03
7.780000000000000000e+03
7.800000000000000000e+03
7.810000000000000000e+03
7.820000000000000000e+03
7.830000000000000000e+03
7.850000000000000000e+03
7.860000000000000000e+03
7.870000000000000000e+03
7.880000000000000000e+03
7.900000000000000000e+03
7.910000000000000000e+03
7.920000000000000000e+03
7.930000000000000000e+03
7.950000000000000000e+03
7.960000000000000000e+03
7.970000000000000000e+03
7.980000000000000000e+03
8.000000000000000000e+03
8.010000000000000000e+03
8.020000000000000000e+03
8.030000000000000000e+03
8.050000000000000000e+03
8.060000000000000000e+03
8.070000000000000000e+03
8.080000000000000000e+03
8.100000000000000000e+03
8.110000000000000000e+03
8.120000000000000000e+03
8.130000000000000000e+03
8.150000000000000000e+03
8.160000000000000000e+03
8.170000000000000000e+03
8.180000000000000000e+03
8.200000000000000000e+03
8.210000000000000000e+03
8.220000000000000000e+03
8.230000000000000000e+03
8.250000000000000000e+03
8.260000000000000000e+03
8.270000000000000000e+03
8.280000000000000000e+03
8.300000000000000000e+03
8.310000000000000000e+03
8.320000000000000000e+03
8.330000000000000000e+03
8.350000000000000000e+03
8.360000000000000000e+03
8.370000000000000000e+03
8.380000000000000000e+03
8.400000000000000000e+03
8.410000000000000000e+03
8.420000000000000000e+03
8.430000000000000000e+03
8.450000000000000000e+03
8.460000000000000000e+03
8.470000000000000000e+03
8.480000000000000000e+03
8.500000000000000000e+03
8.510000000000000000e+03
8.520000000000000000e+03
8.530000000000000000e+03
8.550000000000000000e+03
8.560000000000000000e+03
8.570000000000000000e+03
8.580000000000000000e+03
8.600000000000000000e+03
8.610000000000000000e+03
8.620000000000000000e+03
8.630000000000000000e+03
8.650000000000000000e+03
8.660000000000000000e+03
8.670000000000000000e+03
8.680000000000000000e+03
8.700000000000000000e+03
8.710000000000000000e+03
8.720000000000000000e+03
8.730000000000000000e+03
8.750000000000000000e+03
8.760000000000000000e+03
8.770000000000000000e+03
8.780000000000000000e+03
8.800000000000000000e+03
8.810000000000000000e+03
8.820000000000000000e+03
8.830000000000000000e+03
8.850000000000000000e+03
8.860000000000000000e+03
8.870000000000000000e+03
8.880000000000000000e+03
8.900000000000000000e+03
8.910000000000000000e+03
8.920000000000000000e+03
8.930000000000000000e+03
8.950000000000000000e+03
8.960000000000000000e+03
8.970000000000000000e+03
8.980000000000000000e+03
9.000000000000000000e+03
9.010000000000000000e+03
9.020000000000000000e+03
9.030000000000000000e+03
9.050000000000000000e+03
9.060000000000000000e+03
9.070000000000000000e+03
9.080000000000000000e+03
9.100000000000000000e+03
9.110000000000000000e+03
9.120000000000000000e+03
9.130000000000000000e+03
9.150000000000000000e+03
9.160000000000000000e+03
9.170000000000000000e+03
9.180000000000000000e+03
9.200000000000000000e+03
9.210000000000000000e+03
9.220000000000000000e+03
9.230000000000000000e+03
9.250000000000000000e+03
9.260000000000000000e+03
9.270000000000000000e+03
9.280000000000000000e+03
9.300000000000000000e+03
9.310000000000000000e+03
9.320000000000000000e+03
9.330000000000000000e+03
9.350000000000000000e+03
9.360000000000000000e+03
9.370000000000000000e+03
9.380000000000000000e+03
9.400000000000000000e+03
9.410000000000000000e+03
9.420000000000000000e+03
9.430000000000000000e+03
9.450000000000000000e+03
9.460000000000000000e+03
9.470000000000000000e+03
9.480000000000000000e+03
9.500000000000000000e+03
9.510000000000000000e+03
9.520000000000000000e+03
9.530000000000000000e+03
9.550000000000000000e+03
9.560000000000000000e+03
9.570000000000000000e+03
9.580000000000000000e+03
9.600000000000000000e+03
9.610000000000000000e+03
9.620000000000000000e+03
9.630000000000000000e+03
9.650000000000000000e+03
9.660000000000000000e+03
9.670000000000000000e+03
9.680000000000000000e+03
9.700000000000000000e+03
9.710000000000000000e+03
9.720000000000000000e+03
9.730000000000000000e+03
9.750000000000000000e+03
9.760000000000000000e+03
9.770000000000000000e+03
9.780000000000000000e+03
9.800000000000000000e+03
9.810000000000000000e+03
9.820000000000000000e+03
9.830000000000000000e+03
9.850000000000000000e+03
9.860000000000000000e+03
9.870000000000000000e+03
9.880000000000000000e+03
9.900000000000000000e+03
9.910000000000000000e+03
9.920000000000000000e+03
9.930000000000000000e+03
9.950000000000000000e+03
9.960000000000000000e+03
9.970000000000000000e+03
9.980000000000000000e+03
1.000000000000000000e+04
1.001000000000000000e+04
1.002000000000000000e+04
1.003000000000000000e+04
1.005000000000000000e+04
1.006000000000000000e+04
1.007000000000000000e+04
1.008000000000000000e+04
1.010000000000000000e+04
1.011000000000000000e+04
1.012000000000000000e+04
1.013000000000000000e+04
1.015000000000000000e+04
1.016000000000000000e+04
1.017000000000000000e+04
1.018000000000000000e+04
1.020000000000000000e+04
1.021000000000000000e+04
1.022000000000000000e+04
1.023000000000000000e+04
1.025000000000000000e+04
1.026000000000000000e+04
1.027000000000000000e+04
1.028000000000000000e+04
1.030000000000000000e+04
1.031000000000000000e+04
1.032000000000000000e+04
1.033000000000000000e+04
1.035000000000000000e+04
1.036000000000000000e+04
1.037000000000000000e+04
1.038000000000000000e+04
1.040000000000000000e+04
1.041000000000000000e+04
1.042000000000000000e+04
1.043000000000000000e+04
1.045000000000000000e+04
1.046000000000000000e+04
1.047000000000000000e+04
1.048000000000000000e+04
1.050000000000000000e+04
1.051000000000000000e+04
1.052000000000000000e+04
1.053000000000000000e+04
1.055000000000000000e+04
1.056000000000000000e+04
1.057000000000000000e+04
1.058000000000000000e+04
1.060000000000000000e+04
1.061000000000000000e+04
1.062000000000000000e+04
1.063000000000000000e+04
1.065000000000000000e+04
1.066000000000000000e+04
1.067000000000000000e+04
1.068000000000000000e+04
1.070000000000000000e+04
1.071000000000000000e+04
1.072000000000000000e+04
1.073000000000000000e+04
1.075000000000000000e+04
1.076000000000000000e+04
1.077000000000000000e+04
1.078000000000000000e+04
1.080000000000000000e+04
1.081000000000000000e+04
1.082000000000000000e+04
1.083000000000000000e+04
1.085000000000000000e+04
1.086000000000000000e+04
1.087000000000000000e+04
1.088000000000000000e+04
1.090000000000000000e+04
1.091000000000000000e+04
1.092000000000000000e+04
1.093000000000000000e+04
1.095000000000000000e+04
1.096000000000000000e+04
1.097000000000000000e+04
1.098000000000000000e+04
1.100000000000000000e+04
1.101000000000000000e+04
1.102000000000000000e+04
1.103000000000000000e+04
1.105000000000000000e+04
1.106000000000000000e+04
1.107000000000000000e+04
1.108000000000000000e+04
1.110000000000000000e+04
1.111000000000000000e+04
1.112000000000000000e+04
1.113000000000000000e+04
1.115000000000000000e+04
1.116000000000000000e+04
1.117000000000000000e+04
1.118000000000000000e+04
1.120000000000000000e+04
1.121000000000000000e+04
1.122000000000000000e+04
1.123000000000000000e+04
1.125000000000000000e+04
1.126000000000000000e+04
1.127000000000000000e+04
1.128000000000000000e+04
1.130000000000000000e+04
1.131000000000000000e+04
1.132000000000000000e+04
1.133000000000000000e+04
1.135000000000000000e+04
1.136000000000000000e+04
1.137000000000000000e+04
1.138000000000000000e+04
1.140000000000000000e+04
1.141000000000000000e+04
1.142000000000000000e+04
1.143000000000000000e+04
1.145000000000000000e+04
1.146000000000000000e+04
1.147000000000000000e+04
1.148000000000000000e+04
1.150000000000000000e+04
1.151000000000000000e+04
1.152000000000000000e+04
1.153000000000000000e+04
1.155000000000000000e+04
1.156000000000000000e+04
1.157000000000000000e+04
1.158000000000000000e+04
1.160000000000000000e+04
1.161000000000000000e+04
1.162000000000000000e+04
1.163000000000000000e+04
1.165000000000000000e+04
1.166000000000000000e+04
1.167000000000000000e+04
1.168000000000000000e+04
1.170000000000000000e+04
1.171000000000000000e+04
1.172000000000000000e+04
1.173000000000000000e+04
1.175000000000000000e+04
1.176000000000000000e+04
1.177000000000000000e+04
1.178000000000000000e+04
1.180000000000000000e+04
1.181000000000000000e+04
1.182000000000000000e+04
1.183000000000000000e+04
1.185000000000000000e+04
1.186000000000000000e+04
1.187000000000000000e+04
1.188000000000000000e+04
1.190000000000000000e+04
1.191000000000000000e+04
1.192000000000000000e+04
1.193000000000000000e+04
1.195000000000000000e+04
1.196000000000000000e+04
1.197000000000000000e+04
1.198000000000000000e+04
1.200000000000000000e+04
1.201000000000000000e+04
1.202000000000000000e+04
1.203000000000000000e+04
1.205000000000000000e+04
1.206000000000000000e+04
1.207000000000000000e+04
1.208000000000000000e+04
1.210000000000000000e+04
1.211000000000000000e+04
1.212000000000000000e+04
1.213000000000000000e+04
1.215000000000000000e+04
1.216000000000000000e+04
1.217000000000000000e+04
1.218000000000000000e+04
1.220000000000000000e+04
1.221000000000000000e+04
1.222000000000000000e+04
1.223000000000000000e+04
1.225000000000000000e+04
1.226000000000000000e+04
1.227000000000000000e+04
1.228000000000000000e+04
1.230000000000000000e+04
1.231000000000000000e+04
1.232000000000000000e+04
1.233000000000000000e+04
1.235000000000000000e+04
1.236000000000000000e+04
1.237000000000000000e+04
1.238000000000000000e+04
1.240000000000000000e+04
1.241000000000000000e+04
1.242000000000000000e+04
1.243000000000000000e+04
1.245000000000000000e+04
1.246000000000000000e+04
1.247000000000000000e+04
1.248000000000000000e+04
