1.000000000000000000e+01
1.050000000000000000e+02
1.970000000000000000e+02
2.910000000000000000e+02
3.850000000000000000e+02
4.740000000000000000e+02
5.590000000000000000e+02
6.490000000000000000e+02
7.430000000000000000e+02
8.310000000000000000e+02
9.150000000000000000e+02
9.910000000000000000e+02
1.076000000000000000e+03
1.164000000000000000e+03
1.253000000000000000e+03
1.328000000000000000e+03
1.407000000000000000e+03
1.492000000000000000e+03
1.570000000000000000e+03
1.651000000000000000e+03
1.730000000000000000e+03
1.799000000000000000e+03
1.875000000000000000e+03
1.954000000000000000e+03
2.037000000000000000e+03
2.111000000000000000e+03
2.177000000000000000e+03
2.266000000000000000e+03
2.350000000000000000e+03
2.434000000000000000e+03
2.511000000000000000e+03
2.560000000000000000e+03
2.636000000000000000e+03
2.713000000000000000e+03
2.788000000000000000e+03
2.862000000000000000e+03
2.913000000000000000e+03
2.995000000000000000e+03
3.074000000000000000e+03
3.144000000000000000e+03
3.218000000000000000e+03
3.274000000000000000e+03
3.342000000000000000e+03
3.414000000000000000e+03
3.491000000000000000e+03
3.559000000000000000e+03
3.616000000000000000e+03
3.690000000000000000e+03
3.769000000000000000e+03
3.836000000000000000e+03
3.902000000000000000e+03
3.955000000000000000e+03
4.033000000000000000e+03
4.100000000000000000e+03
4.170000000000000000e+03
4.240000000000000000e+03
4.281000000000000000e+03
4.351000000000000000e+03
4.411000000000000000e+03
4.477000000000000000e+03
4.543000000000000000e+03
4.582000000000000000e+03
4.656000000000000000e+03
4.712000000000000000e+03
4.781000000000000000e+03
4.856000000000000000e+03
4.915000000000000000e+03
4.979000000000000000e+03
5.055000000000000000e+03
5.120000000000000000e+03
5.187000000000000000e+03
5.234000000000000000e+03
5.301000000000000000e+03
5.362000000000000000e+03
5.424000000000000000e+03
5.486000000000000000e+03
5.527000000000000000e+03
5.583000000000000000e+03
5.637000000000000000e+03
5.686000000000000000e+03
5.755000000000000000e+03
5.812000000000000000e+03
5.880000000000000000e+03
5.953000000000000000e+03
6.025000000000000000e+03
6.076000000000000000e+03
6.126000000000000000e+03
6.175000000000000000e+03
6.242000000000000000e+03
6.314000000000000000e+03
6.358000000000000000e+03
6.387000000000000000e+03
6.435000000000000000e+03
6.492000000000000000e+03
6.542000000000000000e+03
6.602000000000000000e+03
6.649000000000000000e+03
6.712000000000000000e+03
6.777000000000000000e+03
6.848000000000000000e+03
6.906000000000000000e+03
6.954000000000000000e+03
7.020000000000000000e+03
7.090000000000000000e+03
7.162000000000000000e+03
7.224000000000000000e+03
7.272000000000000000e+03
7.347000000000000000e+03
7.403000000000000000e+03
7.464000000000000000e+03
7.532000000000000000e+03
7.567000000000000000e+03
7.623000000000000000e+03
7.676000000000000000e+03
7.738000000000000000e+03
7.806000000000000000e+03
7.837000000000000000e+03
7.882000000000000000e+03
7.955000000000000000e+03
8.020000000000000000e+03
8.085000000000000000e+03
8.142000000000000000e+03
8.213000000000000000e+03
8.282000000000000000e+03
8.351000000000000000e+03
8.413000000000000000e+03
8.461000000000000000e+03
8.529000000000000000e+03
8.595000000000000000e+03
8.664000000000000000e+03
8.717000000000000000e+03
8.755000000000000000e+03
8.810000000000000000e+03
8.861000000000000000e+03
8.922000000000000000e+03
8.977000000000000000e+03
9.015000000000000000e+03
9.083000000000000000e+03
9.140000000000000000e+03
9.191000000000000000e+03
9.245000000000000000e+03
9.291000000000000000e+03
9.357000000000000000e+03
9.412000000000000000e+03
9.474000000000000000e+03
9.535000000000000000e+03
9.571000000000000000e+03
9.629000000000000000e+03
9.687000000000000000e+03
9.738000000000000000e+03
9.795000000000000000e+03
9.823000000000000000e+03
9.877000000000000000e+03
9.922000000000000000e+03
9.967000000000000000e+03
1.001700000000000000e+04
1.005600000000000000e+04
1.010900000000000000e+04
1.016500000000000000e+04
1.022200000000000000e+04
1.027800000000000000e+04
1.032000000000000000e+04
1.037100000000000000e+04
1.042900000000000000e+04
1.047600000000000000e+04
1.052700000000000000e+04
1.057300000000000000e+04
1.062000000000000000e+04
1.067800000000000000e+04
1.073700000000000000e+04
1.079300000000000000e+04
1.083100000000000000e+04
1.088300000000000000e+04
1.094200000000000000e+04
1.099700000000000000e+04
1.105700000000000000e+04
1.108500000000000000e+04
1.113700000000000000e+04
1.119000000000000000e+04
1.123700000000000000e+04
1.128600000000000000e+04
1.131500000000000000e+04
1.136600000000000000e+04
1.142100000000000000e+04
1.148000000000000000e+04
1.153500000000000000e+04
1.156800000000000000e+04
1.162300000000000000e+04
1.168400000000000000e+04
1.173100000000000000e+04
1.178300000000000000e+04
1.182700000000000000e+04
1.188200000000000000e+04
1.193400000000000000e+04
1.200300000000000000e+04
1.205000000000000000e+04
1.208200000000000000e+04
1.213100000000000000e+04
1.220200000000000000e+04
1.225400000000000000e+04
1.231100000000000000e+04
1.234500000000000000e+04
1.240000000000000000e+04
1.245400000000000000e+04
1.251400000000000000e+04
1.257400000000000000e+04
1.261400000000000000e+04
1.266000000000000000e+04
1.270800000000000000e+04
1.275800000000000000e+04
1.280800000000000000e+04
1.284100000000000000e+04
1.287700000000000000e+04
1.293600000000000000e+04
1.298100000000000000e+04
1.303200000000000000e+04
1.306600000000000000e+04
1.312200000000000000e+04
1.318400000000000000e+04
1.323800000000000000e+04
1.329800000000000000e+04
1.334700000000000000e+04
1.341200000000000000e+04
1.346200000000000000e+04
1.352700000000000000e+04
1.358800000000000000e+04
1.362400000000000000e+04
1.368000000000000000e+04
1.372900000000000000e+04
1.376300000000000000e+04
1.381600000000000000e+04
1.384400000000000000e+04
1.387400000000000000e+04
1.392300000000000000e+04
1.398300000000000000e+04
1.402800000000000000e+04
1.406600000000000000e+04
1.411700000000000000e+04
1.418800000000000000e+04
1.425600000000000000e+04
1.431700000000000000e+04
1.436300000000000000e+04
1.442300000000000000e+04
1.448800000000000000e+04
1.454900000000000000e+04
1.460700000000000000e+04
1.466000000000000000e+04
1.471700000000000000e+04
1.477200000000000000e+04
1.482700000000000000e+04
1.488400000000000000e+04
1.492100000000000000e+04
1.497600000000000000e+04
1.503100000000000000e+04
1.507600000000000000e+04
1.512700000000000000e+04
1.516100000000000000e+04
1.521700000000000000e+04
1.526300000000000000e+04
1.530300000000000000e+04
1.534900000000000000e+04
1.537000000000000000e+04
1.541400000000000000e+04
1.545000000000000000e+04
1.550000000000000000e+04
1.555100000000000000e+04
1.557000000000000000e+04
1.561000000000000000e+04
1.565900000000000000e+04
1.568800000000000000e+04
1.573600000000000000e+04
1.577100000000000000e+04
1.582000000000000000e+04
1.586900000000000000e+04
1.591300000000000000e+04
1.597300000000000000e+04
1.600000000000000000e+04
1.605700000000000000e+04
1.611400000000000000e+04
1.616100000000000000e+04
1.620800000000000000e+04
1.622900000000000000e+04
1.627200000000000000e+04
1.632000000000000000e+04
1.636200000000000000e+04
1.641200000000000000e+04
1.643500000000000000e+04
1.648100000000000000e+04
1.653500000000000000e+04
1.659300000000000000e+04
1.664600000000000000e+04
1.667700000000000000e+04
1.672500000000000000e+04
1.677800000000000000e+04
1.683300000000000000e+04
1.688400000000000000e+04
1.691800000000000000e+04
1.696600000000000000e+04
1.700700000000000000e+04
1.705900000000000000e+04
1.710600000000000000e+04
1.714400000000000000e+04
1.719400000000000000e+04
1.724400000000000000e+04
1.728800000000000000e+04
1.733200000000000000e+04
1.735800000000000000e+04
1.739800000000000000e+04
1.745000000000000000e+04
1.750000000000000000e+04
1.755700000000000000e+04
1.757300000000000000e+04
1.761100000000000000e+04
1.764800000000000000e+04
1.769900000000000000e+04
1.774900000000000000e+04
1.777300000000000000e+04
1.781100000000000000e+04
1.786400000000000000e+04
1.790400000000000000e+04
1.794100000000000000e+04
1.796200000000000000e+04
1.799000000000000000e+04
1.802000000000000000e+04
1.805600000000000000e+04
1.809700000000000000e+04
1.812000000000000000e+04
1.815800000000000000e+04
1.821100000000000000e+04
1.825100000000000000e+04
1.829200000000000000e+04
1.832600000000000000e+04
1.836400000000000000e+04
1.841300000000000000e+04
1.845700000000000000e+04
1.851200000000000000e+04
1.853500000000000000e+04
1.857300000000000000e+04
1.862100000000000000e+04
1.867300000000000000e+04
1.871700000000000000e+04
1.875600000000000000e+04
1.879000000000000000e+04
1.881900000000000000e+04
1.884400000000000000e+04
1.888200000000000000e+04
1.890300000000000000e+04
1.895100000000000000e+04
1.899200000000000000e+04
1.903500000000000000e+04
1.907100000000000000e+04
1.910500000000000000e+04
1.915200000000000000e+04
1.920600000000000000e+04
1.926600000000000000e+04
1.932200000000000000e+04
1.934600000000000000e+04
1.937500000000000000e+04
1.940800000000000000e+04
1.945200000000000000e+04
1.947900000000000000e+04
1.951400000000000000e+04
1.956000000000000000e+04
1.960200000000000000e+04
1.964300000000000000e+04
1.969100000000000000e+04
1.971200000000000000e+04
1.973900000000000000e+04
1.978200000000000000e+04
1.982400000000000000e+04
1.988200000000000000e+04
1.989300000000000000e+04
1.992300000000000000e+04
1.995800000000000000e+04
2.000300000000000000e+04
2.004100000000000000e+04
2.006900000000000000e+04
2.011000000000000000e+04
2.014900000000000000e+04
2.018000000000000000e+04
2.022300000000000000e+04
2.025200000000000000e+04
2.029300000000000000e+04
2.034900000000000000e+04
2.039100000000000000e+04
2.044200000000000000e+04
2.046800000000000000e+04
2.050700000000000000e+04
2.054400000000000000e+04
2.057500000000000000e+04
2.062400000000000000e+04
2.065000000000000000e+04
2.068800000000000000e+04
2.073700000000000000e+04
2.077800000000000000e+04
2.082400000000000000e+04
2.085300000000000000e+04
2.089500000000000000e+04
2.092800000000000000e+04
2.096000000000000000e+04
2.100600000000000000e+04
2.103100000000000000e+04
2.106400000000000000e+04
2.111300000000000000e+04
2.115100000000000000e+04
2.119600000000000000e+04
2.122000000000000000e+04
2.124400000000000000e+04
2.127100000000000000e+04
2.131100000000000000e+04
2.135600000000000000e+04
2.138800000000000000e+04
2.143100000000000000e+04
2.147400000000000000e+04
2.151400000000000000e+04
2.155800000000000000e+04
2.158400000000000000e+04
2.162700000000000000e+04
2.167200000000000000e+04
2.171900000000000000e+04
2.176500000000000000e+04
2.178800000000000000e+04
2.182900000000000000e+04
2.186700000000000000e+04
2.190500000000000000e+04
2.194900000000000000e+04
2.196900000000000000e+04
2.201700000000000000e+04
2.204800000000000000e+04
2.209300000000000000e+04
2.213600000000000000e+04
2.216900000000000000e+04
2.220800000000000000e+04
2.226000000000000000e+04
2.231700000000000000e+04
2.236100000000000000e+04
2.240000000000000000e+04
2.244800000000000000e+04
2.249700000000000000e+04
2.256200000000000000e+04
2.260900000000000000e+04
2.263900000000000000e+04
2.267500000000000000e+04
2.272000000000000000e+04
2.277300000000000000e+04
2.282700000000000000e+04
2.285100000000000000e+04
2.288900000000000000e+04
2.294000000000000000e+04
2.298500000000000000e+04
2.302800000000000000e+04
2.304200000000000000e+04
2.306700000000000000e+04
2.309600000000000000e+04
2.313100000000000000e+04
2.316200000000000000e+04
2.317900000000000000e+04
2.322700000000000000e+04
2.326300000000000000e+04
2.330700000000000000e+04
2.334700000000000000e+04
2.336600000000000000e+04
2.340200000000000000e+04
2.345000000000000000e+04
2.348700000000000000e+04
2.353500000000000000e+04
2.355800000000000000e+04
2.360600000000000000e+04
2.365100000000000000e+04
2.369700000000000000e+04
2.373200000000000000e+04
2.374900000000000000e+04
2.380600000000000000e+04
2.385800000000000000e+04
2.391300000000000000e+04
2.396500000000000000e+04
2.398900000000000000e+04
2.402600000000000000e+04
2.406600000000000000e+04
2.409900000000000000e+04
2.413200000000000000e+04
2.416100000000000000e+04
2.418700000000000000e+04
2.421800000000000000e+04
2.425200000000000000e+04
2.429400000000000000e+04
2.431800000000000000e+04
2.436400000000000000e+04
2.439800000000000000e+04
2.443100000000000000e+04
2.447300000000000000e+04
2.449900000000000000e+04
2.454100000000000000e+04
2.458300000000000000e+04
2.462400000000000000e+04
2.466800000000000000e+04
2.468100000000000000e+04
2.470700000000000000e+04
2.473000000000000000e+04
2.475500000000000000e+04
2.478800000000000000e+04
2.480400000000000000e+04
2.482700000000000000e+04
2.486800000000000000e+04
2.491400000000000000e+04
2.494200000000000000e+04
2.495500000000000000e+04
2.498200000000000000e+04
2.500300000000000000e+04
2.501900000000000000e+04
2.505000000000000000e+04
2.506800000000000000e+04
2.509100000000000000e+04
2.512000000000000000e+04
2.514600000000000000e+04
2.517200000000000000e+04
2.518800000000000000e+04
2.523100000000000000e+04
2.528400000000000000e+04
2.532700000000000000e+04
2.536400000000000000e+04
2.538400000000000000e+04
2.542100000000000000e+04
2.546000000000000000e+04
2.551000000000000000e+04
2.555800000000000000e+04
2.557900000000000000e+04
2.562600000000000000e+04
2.567000000000000000e+04
2.570400000000000000e+04
2.575200000000000000e+04
2.577300000000000000e+04
2.579800000000000000e+04
2.583300000000000000e+04
2.586900000000000000e+04
2.589600000000000000e+04
2.590300000000000000e+04
2.593300000000000000e+04
2.597100000000000000e+04
2.599900000000000000e+04
2.602700000000000000e+04
2.604600000000000000e+04
2.608400000000000000e+04
2.611900000000000000e+04
2.614900000000000000e+04
2.617900000000000000e+04
2.620200000000000000e+04
2.624800000000000000e+04
2.630200000000000000e+04
2.634000000000000000e+04
2.637800000000000000e+04
2.640400000000000000e+04
2.644400000000000000e+04
2.648700000000000000e+04
2.654300000000000000e+04
2.658300000000000000e+04
2.659900000000000000e+04
2.663400000000000000e+04
2.667100000000000000e+04
2.670700000000000000e+04
2.675000000000000000e+04
2.676600000000000000e+04
2.679600000000000000e+04
2.683600000000000000e+04
2.686900000000000000e+04
2.692500000000000000e+04
2.694300000000000000e+04
2.697000000000000000e+04
2.699900000000000000e+04
2.704100000000000000e+04
2.706800000000000000e+04
2.708200000000000000e+04
2.709900000000000000e+04
2.713300000000000000e+04
2.716800000000000000e+04
2.720600000000000000e+04
2.722000000000000000e+04
2.724700000000000000e+04
2.727800000000000000e+04
2.731600000000000000e+04
2.735100000000000000e+04
2.737000000000000000e+04
2.739400000000000000e+04
2.742700000000000000e+04
2.745900000000000000e+04
2.749200000000000000e+04
2.750300000000000000e+04
2.753000000000000000e+04
2.755300000000000000e+04
2.757600000000000000e+04
2.760900000000000000e+04
2.762400000000000000e+04
2.765100000000000000e+04
2.768300000000000000e+04
2.771900000000000000e+04
2.775700000000000000e+04
2.777000000000000000e+04
2.778400000000000000e+04
2.780900000000000000e+04
2.784300000000000000e+04
2.788000000000000000e+04
2.789900000000000000e+04
2.792300000000000000e+04
2.795700000000000000e+04
2.799100000000000000e+04
2.802700000000000000e+04
2.805000000000000000e+04
2.809000000000000000e+04
2.812300000000000000e+04
2.816400000000000000e+04
2.820800000000000000e+04
2.822700000000000000e+04
2.825400000000000000e+04
2.828100000000000000e+04
2.830900000000000000e+04
2.834000000000000000e+04
2.835600000000000000e+04
2.837400000000000000e+04
2.840000000000000000e+04
2.842600000000000000e+04
2.846000000000000000e+04
2.846900000000000000e+04
2.848600000000000000e+04
2.851800000000000000e+04
2.854900000000000000e+04
2.858200000000000000e+04
2.859500000000000000e+04
2.862500000000000000e+04
2.864900000000000000e+04
2.868000000000000000e+04
2.870300000000000000e+04
2.872600000000000000e+04
2.874900000000000000e+04
2.877400000000000000e+04
2.881100000000000000e+04
2.883600000000000000e+04
2.884900000000000000e+04
2.888300000000000000e+04
2.891400000000000000e+04
2.894200000000000000e+04
2.898700000000000000e+04
2.900300000000000000e+04
2.903600000000000000e+04
2.907500000000000000e+04
2.912100000000000000e+04
2.915400000000000000e+04
2.917700000000000000e+04
2.920700000000000000e+04
2.923600000000000000e+04
2.926700000000000000e+04
2.930100000000000000e+04
2.932500000000000000e+04
2.934500000000000000e+04
2.937000000000000000e+04
2.940900000000000000e+04
2.944300000000000000e+04
2.946200000000000000e+04
2.949000000000000000e+04
2.952900000000000000e+04
2.957400000000000000e+04
2.961800000000000000e+04
2.963300000000000000e+04
2.965100000000000000e+04
2.969400000000000000e+04
2.973300000000000000e+04
2.976400000000000000e+04
2.978700000000000000e+04
2.982400000000000000e+04
2.986000000000000000e+04
2.989600000000000000e+04
2.992800000000000000e+04
2.994400000000000000e+04
2.997000000000000000e+04
3.000400000000000000e+04
3.003400000000000000e+04
3.006700000000000000e+04
3.008000000000000000e+04
3.010000000000000000e+04
3.012700000000000000e+04
3.015200000000000000e+04
3.018500000000000000e+04
3.020500000000000000e+04
3.023700000000000000e+04
3.026800000000000000e+04
3.030200000000000000e+04
3.034400000000000000e+04
3.036900000000000000e+04
3.040400000000000000e+04
3.043900000000000000e+04
3.048100000000000000e+04
3.052600000000000000e+04
3.053400000000000000e+04
3.055400000000000000e+04
3.056500000000000000e+04
3.059500000000000000e+04
3.061800000000000000e+04
3.064700000000000000e+04
3.066500000000000000e+04
3.069200000000000000e+04
3.072000000000000000e+04
3.075900000000000000e+04
3.077500000000000000e+04
3.079000000000000000e+04
3.082200000000000000e+04
3.084600000000000000e+04
3.088300000000000000e+04
3.090000000000000000e+04
3.092300000000000000e+04
3.094800000000000000e+04
3.096600000000000000e+04
3.099100000000000000e+04
3.100300000000000000e+04
3.102300000000000000e+04
3.104600000000000000e+04
3.107100000000000000e+04
3.109300000000000000e+04
3.111100000000000000e+04
3.113300000000000000e+04
3.115700000000000000e+04
3.118700000000000000e+04
3.122100000000000000e+04
3.123400000000000000e+04
3.125300000000000000e+04
3.128100000000000000e+04
3.129700000000000000e+04
3.133000000000000000e+04
3.135400000000000000e+04
3.138600000000000000e+04
3.141900000000000000e+04
3.143700000000000000e+04
3.147800000000000000e+04
3.148600000000000000e+04
3.149500000000000000e+04
3.151600000000000000e+04
3.154400000000000000e+04
3.157000000000000000e+04
3.157800000000000000e+04
3.159700000000000000e+04
3.162300000000000000e+04
3.164000000000000000e+04
3.166400000000000000e+04
3.167500000000000000e+04
3.169500000000000000e+04
3.172000000000000000e+04
3.176300000000000000e+04
3.180500000000000000e+04
3.182900000000000000e+04
3.188600000000000000e+04
3.193800000000000000e+04
3.197900000000000000e+04
3.202200000000000000e+04
3.203500000000000000e+04
3.206300000000000000e+04
3.208100000000000000e+04
3.211500000000000000e+04
3.213900000000000000e+04
3.214700000000000000e+04
3.217300000000000000e+04
3.221800000000000000e+04
3.225900000000000000e+04
3.229500000000000000e+04
3.232800000000000000e+04
3.236300000000000000e+04
3.240800000000000000e+04
3.244000000000000000e+04
3.247800000000000000e+04
3.249400000000000000e+04
3.252800000000000000e+04
3.255700000000000000e+04
3.259000000000000000e+04
3.262700000000000000e+04
3.264500000000000000e+04
3.267600000000000000e+04
3.270600000000000000e+04
3.273500000000000000e+04
3.277800000000000000e+04
3.280300000000000000e+04
3.282600000000000000e+04
3.285300000000000000e+04
3.288500000000000000e+04
3.291200000000000000e+04
3.292900000000000000e+04
3.295700000000000000e+04
3.299300000000000000e+04
3.301600000000000000e+04
3.304600000000000000e+04
3.306600000000000000e+04
3.309000000000000000e+04
3.311800000000000000e+04
3.314400000000000000e+04
3.318700000000000000e+04
3.320100000000000000e+04
3.322500000000000000e+04
3.325600000000000000e+04
3.327500000000000000e+04
3.331700000000000000e+04
3.332400000000000000e+04
3.337200000000000000e+04
3.340600000000000000e+04
3.344300000000000000e+04
3.347700000000000000e+04
3.350000000000000000e+04
3.353800000000000000e+04
3.357300000000000000e+04
3.361600000000000000e+04
3.366000000000000000e+04
3.370200000000000000e+04
3.374700000000000000e+04
3.378500000000000000e+04
3.381800000000000000e+04
3.386500000000000000e+04
3.388800000000000000e+04
3.392800000000000000e+04
3.397000000000000000e+04
3.399900000000000000e+04
3.402700000000000000e+04
3.405000000000000000e+04
3.407700000000000000e+04
3.411800000000000000e+04
3.415500000000000000e+04
3.419900000000000000e+04
3.421900000000000000e+04
3.426000000000000000e+04
3.428500000000000000e+04
3.432000000000000000e+04
3.435100000000000000e+04
3.437800000000000000e+04
3.441200000000000000e+04
3.444300000000000000e+04
3.447200000000000000e+04
3.451700000000000000e+04
3.453200000000000000e+04
3.456100000000000000e+04
3.458300000000000000e+04
3.462800000000000000e+04
3.466200000000000000e+04
3.467800000000000000e+04
3.470500000000000000e+04
3.473500000000000000e+04
3.476600000000000000e+04
3.481400000000000000e+04
3.482500000000000000e+04
3.484300000000000000e+04
3.486100000000000000e+04
3.488500000000000000e+04
3.491700000000000000e+04
3.493500000000000000e+04
3.497800000000000000e+04
3.504000000000000000e+04
3.507200000000000000e+04
3.510700000000000000e+04
3.512400000000000000e+04
3.514800000000000000e+04
3.519000000000000000e+04
3.522700000000000000e+04
3.526100000000000000e+04
3.527500000000000000e+04
3.531200000000000000e+04
3.534400000000000000e+04
3.539000000000000000e+04
3.542900000000000000e+04
3.545700000000000000e+04
3.548900000000000000e+04
3.552100000000000000e+04
3.554900000000000000e+04
3.558300000000000000e+04
3.560700000000000000e+04
3.565300000000000000e+04
3.568200000000000000e+04
3.571200000000000000e+04
3.574600000000000000e+04
3.576500000000000000e+04
3.578800000000000000e+04
3.582500000000000000e+04
3.585000000000000000e+04
3.589000000000000000e+04
3.590200000000000000e+04
3.594300000000000000e+04
3.599600000000000000e+04
3.605100000000000000e+04
3.608400000000000000e+04
3.611300000000000000e+04
3.616700000000000000e+04
3.621900000000000000e+04
3.627100000000000000e+04
3.631400000000000000e+04
3.633300000000000000e+04
3.636800000000000000e+04
3.641100000000000000e+04
3.644900000000000000e+04
3.648700000000000000e+04
3.651000000000000000e+04
3.653600000000000000e+04
3.656800000000000000e+04
3.659800000000000000e+04
3.662500000000000000e+04
3.665000000000000000e+04
3.668700000000000000e+04
3.673700000000000000e+04
3.677300000000000000e+04
3.681300000000000000e+04
3.682000000000000000e+04
3.684400000000000000e+04
3.687300000000000000e+04
3.689300000000000000e+04
3.693200000000000000e+04
3.695300000000000000e+04
3.697800000000000000e+04
3.701800000000000000e+04
3.703700000000000000e+04
3.706400000000000000e+04
3.708300000000000000e+04
3.710700000000000000e+04
3.713900000000000000e+04
3.716500000000000000e+04
3.719700000000000000e+04
3.721200000000000000e+04
3.722800000000000000e+04
3.724600000000000000e+04
3.726900000000000000e+04
3.729500000000000000e+04
3.731200000000000000e+04
3.734200000000000000e+04
3.736900000000000000e+04
3.740100000000000000e+04
3.743900000000000000e+04
3.746300000000000000e+04
3.749800000000000000e+04
3.752700000000000000e+04
3.755300000000000000e+04
3.758700000000000000e+04
3.759700000000000000e+04
3.762300000000000000e+04
3.765100000000000000e+04
3.767500000000000000e+04
3.771000000000000000e+04
3.773600000000000000e+04
3.775800000000000000e+04
3.778500000000000000e+04
3.780900000000000000e+04
3.783500000000000000e+04
3.785200000000000000e+04
3.788600000000000000e+04
3.791200000000000000e+04
3.794200000000000000e+04
3.797800000000000000e+04
3.799000000000000000e+04
3.801300000000000000e+04
3.803700000000000000e+04
3.806600000000000000e+04
3.809400000000000000e+04
3.810800000000000000e+04
3.813700000000000000e+04
3.816900000000000000e+04
3.820900000000000000e+04
3.825300000000000000e+04
3.829000000000000000e+04
3.832400000000000000e+04
3.835900000000000000e+04
3.838500000000000000e+04
3.842300000000000000e+04
3.845100000000000000e+04
3.848700000000000000e+04
3.852600000000000000e+04
3.856000000000000000e+04
3.860400000000000000e+04
3.862200000000000000e+04
3.865300000000000000e+04
3.869200000000000000e+04
3.873100000000000000e+04
3.877000000000000000e+04
3.878500000000000000e+04
3.880500000000000000e+04
3.883300000000000000e+04
3.885300000000000000e+04
3.887600000000000000e+04
3.888900000000000000e+04
3.891100000000000000e+04
3.894500000000000000e+04
3.896500000000000000e+04
3.899800000000000000e+04
3.901800000000000000e+04
3.904500000000000000e+04
3.908500000000000000e+04
3.912300000000000000e+04
3.915800000000000000e+04
3.919200000000000000e+04
3.923000000000000000e+04
3.925900000000000000e+04
3.929600000000000000e+04
3.934600000000000000e+04
3.936100000000000000e+04
3.939400000000000000e+04
3.942400000000000000e+04
3.946300000000000000e+04
3.950500000000000000e+04
3.951900000000000000e+04
3.953900000000000000e+04
3.955900000000000000e+04
3.958300000000000000e+04
