2.080716341733932495e-01
9.815556406974792480e-01
6.209687590599060059e-01
4.736526906490325928e-01
3.931400477886199951e-01
4.145994186401367188e-01
3.530246913433074951e-01
2.815543115139007568e-01
3.439480364322662354e-01
2.606711685657501221e-01
2.151128351688385010e-01
2.210234254598617554e-01
2.160064280033111572e-01
2.749762237071990967e-01
2.497419118881225586e-01
2.236675471067428589e-01
2.268712818622589111e-01
2.171515673398971558e-01
1.823004782199859619e-01
1.656902283430099487e-01
2.168170511722564697e-01
1.390735954046249390e-01
2.085115164518356323e-01
1.935792565345764160e-01
1.608681082725524902e-01
1.957515627145767212e-01
1.468185931444168091e-01
1.383872628211975098e-01
1.696606278419494629e-01
1.315193772315979004e-01
1.595679223537445068e-01
1.361837834119796753e-01
1.970581859350204468e-01
1.744025200605392456e-01
1.513291448354721069e-01
1.389881819486618042e-01
1.410262286663055420e-01
1.888384670019149780e-01
2.133333683013916016e-01
1.607074737548828125e-01
1.666051149368286133e-01
1.440002322196960449e-01
1.513889282941818237e-01
1.036031991243362427e-01
1.381840556859970093e-01
1.390017122030258179e-01
1.243924051523208618e-01
1.333966702222824097e-01
1.602673381567001343e-01
1.183866858482360840e-01
1.390337049961090088e-01
1.059382334351539612e-01
1.529984921216964722e-01
1.227953210473060608e-01
1.103095635771751404e-01
1.680081337690353394e-01
8.892422169446945190e-02
1.324742287397384644e-01
1.347554177045822144e-01
8.620029687881469727e-02
1.200428381562232971e-01
1.164022833108901978e-01
1.459545046091079712e-01
1.057844385504722595e-01
1.086280122399330139e-01
1.066907197237014771e-01
1.252602040767669678e-01
1.252324283123016357e-01
1.212415471673011780e-01
1.648999601602554321e-01
1.436616927385330200e-01
1.584362089633941650e-01
1.363923400640487671e-01
1.260624378919601440e-01
9.487299621105194092e-02
1.361162215471267700e-01
9.047014266252517700e-02
1.214084848761558533e-01
1.597658246755599976e-01
1.540003716945648193e-01
1.418985873460769653e-01
8.542376756668090820e-02
1.078743934631347656e-01
9.842664003372192383e-02
1.116900816559791565e-01
7.849664986133575439e-02
9.697858989238739014e-02
1.036028638482093811e-01
1.235237270593643188e-01
1.164403483271598816e-01
7.949740439653396606e-02
1.109956428408622742e-01
1.070003286004066467e-01
9.556233137845993042e-02
9.858695417642593384e-02
8.140955120325088501e-02
1.170458421111106873e-01
1.345876157283782959e-01
1.802639812231063843e-01
1.175970360636711121e-01
8.795344084501266479e-02
1.053237468004226685e-01
1.100918576121330261e-01
1.113395094871520996e-01
1.156026273965835571e-01
7.584064453840255737e-02
5.286774039268493652e-02
1.096874475479125977e-01
7.815439999103546143e-02
1.109614148736000061e-01
1.240217611193656921e-01
9.582699090242385864e-02
1.424036473035812378e-01
1.140411645174026489e-01
1.407856047153472900e-01
1.314572095870971680e-01
9.355387836694717407e-02
8.612257242202758789e-02
1.389192938804626465e-01
1.022481694817543030e-01
1.084862276911735535e-01
1.054004579782485962e-01
9.476330131292343140e-02
1.217320188879966736e-01
8.857668191194534302e-02
1.328809112310409546e-01
1.098310351371765137e-01
1.040814071893692017e-01
1.249076724052429199e-01
8.964404463768005371e-02
8.898210525512695312e-02
8.290474116802215576e-02
1.353031992912292480e-01
8.002901077270507812e-02
7.461550086736679077e-02
9.141366183757781982e-02
1.408414691686630249e-01
1.783688813447952271e-01
1.152678877115249634e-01
1.159158572554588318e-01
1.264955550432205200e-01
9.519334137439727783e-02
1.090187206864356995e-01
8.801724761724472046e-02
1.017666682600975037e-01
1.131309419870376587e-01
1.040697023272514343e-01
1.114651784300804138e-01
1.387463063001632690e-01
8.800338953733444214e-02
1.585933566093444824e-01
8.948235958814620972e-02
5.365339666604995728e-02
5.773792788386344910e-02
6.723891943693161011e-02
8.893928676843643188e-02
1.168512329459190369e-01
1.344036906957626343e-01
9.184975177049636841e-02
7.562877237796783447e-02
1.252932399511337280e-01
1.188407763838768005e-01
1.057183966040611267e-01
7.390969246625900269e-02
8.240035176277160645e-02
1.127333566546440125e-01
8.949235081672668457e-02
9.902799874544143677e-02
1.018847748637199402e-01
1.140229627490043640e-01
1.326437145471572876e-01
7.943210005760192871e-02
9.391530603170394897e-02
9.114672243595123291e-02
8.654117584228515625e-02
9.814190119504928589e-02
6.642102450132369995e-02
7.302027195692062378e-02
6.661518663167953491e-02
7.554182410240173340e-02
4.957611486315727234e-02
7.995278388261795044e-02
6.414806842803955078e-02
6.876315176486968994e-02
7.861514389514923096e-02
5.724924430251121521e-02
7.705137133598327637e-02
1.103634759783744812e-01
7.917000353336334229e-02
1.035310626029968262e-01
1.058337315917015076e-01
9.563779085874557495e-02
8.251199126243591309e-02
5.465883016586303711e-02
8.317403495311737061e-02
9.172176569700241089e-02
1.164467930793762207e-01
7.993019372224807739e-02
9.220276027917861938e-02
5.529914423823356628e-02
1.545363366603851318e-01
1.277601271867752075e-01
1.183696389198303223e-01
7.232915610074996948e-02
7.076010107994079590e-02
9.445317834615707397e-02
1.170309782028198242e-01
9.216650575399398804e-02
8.439484983682632446e-02
5.635591223835945129e-02
1.008546501398086548e-01
1.143449172377586365e-01
8.873612433671951294e-02
9.162261337041854858e-02
7.755505293607711792e-02
1.096662059426307678e-01
7.205002754926681519e-02
1.300080269575119019e-01
7.003390043973922729e-02
7.152555882930755615e-02
1.042885556817054749e-01
4.708306863903999329e-02
1.446912735700607300e-01
1.126421093940734863e-01
4.327300190925598145e-02
7.753621786832809448e-02
9.111699461936950684e-02
7.515652477741241455e-02
1.001820564270019531e-01
8.757261931896209717e-02
8.295965194702148438e-02
6.072976067662239075e-02
9.203322976827621460e-02
9.402820467948913574e-02
6.317832320928573608e-02
7.957639545202255249e-02
1.126859113574028015e-01
6.582763046026229858e-02
5.407387763261795044e-02
8.215025067329406738e-02
1.154587417840957642e-01
4.288839921355247498e-02
1.104055643081665039e-01
1.345317959785461426e-01
1.121634840965270996e-01
6.450285762548446655e-02
5.911582335829734802e-02
6.374707072973251343e-02
6.380362063646316528e-02
6.417988985776901245e-02
8.752970397472381592e-02
6.568866223096847534e-02
1.093023940920829773e-01
1.152891516685485840e-01
1.090330705046653748e-01
8.013175427913665771e-02
1.054275035858154297e-01
1.063162684440612793e-01
7.481405884027481079e-02
1.097636148333549500e-01
6.694030016660690308e-02
5.504071339964866638e-02
7.980176061391830444e-02
8.506436645984649658e-02
6.599508970975875854e-02
5.331072211265563965e-02
6.597521156072616577e-02
1.030045375227928162e-01
7.754494994878768921e-02
8.057565987110137939e-02
8.094859123229980469e-02
1.049990281462669373e-01
1.082940921187400818e-01
7.752149552106857300e-02
1.063862442970275879e-01
8.137368410825729370e-02
6.286840885877609253e-02
9.182777255773544312e-02
1.114158630371093750e-01
9.477774053812026978e-02
1.295824497938156128e-01
7.119949907064437866e-02
8.995831757783889771e-02
5.349586531519889832e-02
1.101699694991111755e-01
7.104098796844482422e-02
8.634216338396072388e-02
8.252617716789245605e-02
7.288477569818496704e-02
1.045535430312156677e-01
9.096533060073852539e-02
7.765948027372360229e-02
6.912957876920700073e-02
6.527688354253768921e-02
9.823989123106002808e-02
7.533006370067596436e-02
7.812204211950302124e-02
9.344070404767990112e-02
6.819807738065719604e-02
8.193106949329376221e-02
8.007961511611938477e-02
5.586118251085281372e-02
5.091978982090950012e-02
8.269866555929183960e-02
1.147782430052757263e-01
5.968895182013511658e-02
5.499894171953201294e-02
7.770942896604537964e-02
8.153020590543746948e-02
6.654644012451171875e-02
5.867626145482063293e-02
3.223394975066184998e-02
6.693764030933380127e-02
7.853002101182937622e-02
8.452717214822769165e-02
9.576956927776336670e-02
3.461436927318572998e-02
5.289140343666076660e-02
6.387015432119369507e-02
7.287400215864181519e-02
5.323922261595726013e-02
6.757109612226486206e-02
7.195248454809188843e-02
9.700001031160354614e-02
7.357192784547805786e-02
7.946974039077758789e-02
6.752730906009674072e-02
1.064040213823318481e-01
6.657426804304122925e-02
1.040866971015930176e-01
6.271982192993164062e-02
5.903575569391250610e-02
4.024837166070938110e-02
1.136864051222801208e-01
8.523510396480560303e-02
8.372008055448532104e-02
9.298084676265716553e-02
4.772825166583061218e-02
1.010270044207572937e-01
4.615463316440582275e-02
8.136983960866928101e-02
1.154254302382469177e-01
3.743970394134521484e-02
8.219232410192489624e-02
7.723378390073776245e-02
6.806644052267074585e-02
1.610006690025329590e-01
7.518651336431503296e-02
6.071919947862625122e-02
6.935808062553405762e-02
8.714284747838973999e-02
1.219968199729919434e-01
1.314332038164138794e-01
6.115435436367988586e-02
7.045455276966094971e-02
8.844882994890213013e-02
9.870960563421249390e-02
6.526047736406326294e-02
6.440421193838119507e-02
1.183156967163085938e-01
4.986906051635742188e-02
8.329608291387557983e-02
8.168268203735351562e-02
8.064460754394531250e-02
4.876289516687393188e-02
5.695444345474243164e-02
4.245933517813682556e-02
6.942280381917953491e-02
4.021105915307998657e-02
1.059017777442932129e-01
7.484256476163864136e-02
8.121752738952636719e-02
9.181600809097290039e-02
7.903216034173965454e-02
5.555333569645881653e-02
6.192832812666893005e-02
7.208363711833953857e-02
5.244971439242362976e-02
4.848705232143402100e-02
1.247151717543601990e-01
4.162923991680145264e-02
1.014235541224479675e-01
1.030008718371391296e-01
7.601674646139144897e-02
4.588506743311882019e-02
3.760598227381706238e-02
7.688912004232406616e-02
8.843086659908294678e-02
8.132697641849517822e-02
5.535471439361572266e-02
7.348400354385375977e-02
9.203013777732849121e-02
8.345691114664077759e-02
6.604336202144622803e-02
4.864443093538284302e-02
5.418125540018081665e-02
4.610040783882141113e-02
5.589666590094566345e-02
8.754947036504745483e-02
8.159627765417098999e-02
1.053455993533134460e-01
5.839520320296287537e-02
1.175254583358764648e-01
8.678831905126571655e-02
5.995449051260948181e-02
6.881395727396011353e-02
7.918312400579452515e-02
3.835489973425865173e-02
4.316293448209762573e-02
9.545351564884185791e-02
1.110703125596046448e-01
7.007602602243423462e-02
7.624916732311248779e-02
9.671980887651443481e-02
8.625172078609466553e-02
5.599603056907653809e-02
6.321591883897781372e-02
4.862820729613304138e-02
5.721221491694450378e-02
9.883448481559753418e-02
5.945280194282531738e-02
1.093419939279556274e-01
7.235335558652877808e-02
5.174734070897102356e-02
8.654972165822982788e-02
1.502995491027832031e-01
7.983592897653579712e-02
4.930390417575836182e-02
3.770271316170692444e-02
6.333616375923156738e-02
6.090420112013816833e-02
1.227608695626258850e-01
1.324066519737243652e-01
5.904950574040412903e-02
5.917714163661003113e-02
8.237080276012420654e-02
9.054987132549285889e-02
6.345371901988983154e-02
1.030608564615249634e-01
6.825777143239974976e-02
8.895399421453475952e-02
5.717984959483146667e-02
1.383039802312850952e-01
1.088441982865333557e-01
7.045688480138778687e-02
5.418171361088752747e-02
5.188875272870063782e-02
5.339614674448966980e-02
5.491408705711364746e-02
6.122747808694839478e-02
5.222846940159797668e-02
6.578594446182250977e-02
3.873685002326965332e-02
4.779699817299842834e-02
7.679303735494613647e-02
3.134425356984138489e-02
5.865183100104331970e-02
7.997836917638778687e-02
7.865801453590393066e-02
5.110077187418937683e-02
5.319033935666084290e-02
5.989797785878181458e-02
7.928492873907089233e-02
6.352247297763824463e-02
5.909683182835578918e-02
7.220774143934249878e-02
7.083687186241149902e-02
7.133059948682785034e-02
1.052551195025444031e-01
6.268122047185897827e-02
7.618530839681625366e-02
7.150801271200180054e-02
7.662954181432723999e-02
4.732866212725639343e-02
4.826235026121139526e-02
4.798040166497230530e-02
7.381954044103622437e-02
6.223100423812866211e-02
9.743749350309371948e-02
5.298351123929023743e-02
5.476012825965881348e-02
4.855784028768539429e-02
7.628995925188064575e-02
4.506174102425575256e-02
6.086129695177078247e-02
5.619633942842483521e-02
6.973714381456375122e-02
1.182594671845436096e-01
8.510335534811019897e-02
8.703798800706863403e-02
9.247852861881256104e-02
6.351336836814880371e-02
8.264145255088806152e-02
8.815865963697433472e-02
1.102523356676101685e-01
7.152894139289855957e-02
7.611799240112304688e-02
1.008805781602859497e-01
9.673218429088592529e-02
5.222893878817558289e-02
1.159009858965873718e-01
7.101558893918991089e-02
3.781362250447273254e-02
8.340852707624435425e-02
6.207799538969993591e-02
6.225078180432319641e-02
3.819283097982406616e-02
2.194062806665897369e-02
5.285813286900520325e-02
2.504130266606807709e-02
3.175894543528556824e-02
1.438856422901153564e-01
3.745462745428085327e-02
3.899511322379112244e-02
5.334289744496345520e-02
4.435690492391586304e-02
4.675953090190887451e-02
5.876792594790458679e-02
6.104821711778640747e-02
4.083489999175071716e-02
5.643441900610923767e-02
9.178700298070907593e-02
7.073970884084701538e-02
3.685032203793525696e-02
3.668044134974479675e-02
6.092919781804084778e-02
5.543537810444831848e-02
5.434665828943252563e-02
8.751284331083297729e-02
4.072669148445129395e-02
5.366266891360282898e-02
6.175181269645690918e-02
1.218441352248191833e-01
6.318885833024978638e-02
6.302504241466522217e-02
5.168835446238517761e-02
6.331255286931991577e-02
6.577419489622116089e-02
5.602665618062019348e-02
8.700655400753021240e-02
4.047648981213569641e-02
6.920333206653594971e-02
1.293557584285736084e-01
7.872764766216278076e-02
8.733577281236648560e-02
7.668446749448776245e-02
1.380444616079330444e-01
7.939331978559494019e-02
7.335066050291061401e-02
1.005573272705078125e-01
5.725084617733955383e-02
4.006842151284217834e-02
3.195993602275848389e-02
8.094131201505661011e-02
5.978892371058464050e-02
6.198042631149291992e-02
6.459888815879821777e-02
1.071974262595176697e-01
5.962259322404861450e-02
8.420258760452270508e-02
8.613756299018859863e-02
7.882658392190933228e-02
4.371850565075874329e-02
4.716073721647262573e-02
6.586050242185592651e-02
6.508969515562057495e-02
4.487712308764457703e-02
5.459204316139221191e-02
5.898753553628921509e-02
6.000535562634468079e-02
1.066374182701110840e-01
1.013113409280776978e-01
7.745918631553649902e-02
9.720361977815628052e-02
8.561705797910690308e-02
8.758115023374557495e-02
9.030243754386901855e-02
6.549446284770965576e-02
4.992527887225151062e-02
2.657425962388515472e-02
6.011731177568435669e-02
5.713226273655891418e-02
6.059668585658073425e-02
4.266639798879623413e-02
6.290831416845321655e-02
6.248158216476440430e-02
8.510418981313705444e-02
8.169598132371902466e-02
7.057560980319976807e-02
7.897838950157165527e-02
1.001005098223686218e-01
5.026385188102722168e-02
7.585346698760986328e-02
7.254516333341598511e-02
6.617071479558944702e-02
5.474196746945381165e-02
9.204390645027160645e-02
5.571264773607254028e-02
5.592450499534606934e-02
1.015437170863151550e-01
5.561556294560432434e-02
3.835296258330345154e-02
4.165237769484519958e-02
4.966747388243675232e-02
3.902420774102210999e-02
5.059702321887016296e-02
6.391949951648712158e-02
1.100271120667457581e-01
8.789101988077163696e-02
1.074181571602821350e-01
3.526730462908744812e-02
7.757718116044998169e-02
3.507133573293685913e-02
8.906370401382446289e-02
1.040698885917663574e-01
9.324337542057037354e-02
7.698691636323928833e-02
9.268265962600708008e-02
5.911433324217796326e-02
7.200647890567779541e-02
7.752213627099990845e-02
5.289899930357933044e-02
7.751540094614028931e-02
1.023772507905960083e-01
6.609920412302017212e-02
3.877683728933334351e-02
5.334070324897766113e-02
3.728773817420005798e-02
3.668265417218208313e-02
6.619591265916824341e-02
5.818173289299011230e-02
7.552471011877059937e-02
9.204909205436706543e-02
9.054129570722579956e-02
8.459666371345520020e-02
5.694544315338134766e-02
9.203296899795532227e-02
8.527712523937225342e-02
7.906789332628250122e-02
7.936485856771469116e-02
5.472797900438308716e-02
6.338132917881011963e-02
4.259018599987030029e-02
9.510331600904464722e-02
8.106690645217895508e-02
8.130712807178497314e-02
3.667106479406356812e-02
6.395076215267181396e-02
5.255085974931716919e-02
3.567790240049362183e-02
4.599447920918464661e-02
6.857606768608093262e-02
8.677563816308975220e-02
5.739641189575195312e-02
3.915972262620925903e-02
4.618887975811958313e-02
6.085196137428283691e-02
9.640808403491973877e-02
1.025113090872764587e-01
6.069980189204216003e-02
6.959318369626998901e-02
6.265627592802047729e-02
5.690412595868110657e-02
7.237664610147476196e-02
5.151755362749099731e-02
5.375089123845100403e-02
9.263803064823150635e-02
6.984901428222656250e-02
7.996437698602676392e-02
6.069771572947502136e-02
6.318122148513793945e-02
4.988146945834159851e-02
7.015102356672286987e-02
1.084762737154960632e-01
4.625835642218589783e-02
8.401065319776535034e-02
2.116146869957447052e-02
4.112404212355613708e-02
2.831008471548557281e-02
6.232007965445518494e-02
9.144427627325057983e-02
7.584130764007568359e-02
1.053795218467712402e-01
5.149726197123527527e-02
7.526101917028427124e-02
3.691408410668373108e-02
1.013116240501403809e-01
5.987332388758659363e-02
7.706577330827713013e-02
6.940253078937530518e-02
5.967863276600837708e-02
2.298274450004100800e-02
8.342485874891281128e-02
5.114831402897834778e-02
1.322361379861831665e-01
3.388947620987892151e-02
6.333033740520477295e-02
2.091049402952194214e-02
5.044400319457054138e-02
3.412736579775810242e-02
7.923691719770431519e-02
6.638654321432113647e-02
6.045427545905113220e-02
2.631999552249908447e-02
2.990716695785522461e-02
5.958750844001770020e-02
5.008095130324363708e-02
4.967827722430229187e-02
8.828707039356231689e-02
5.455328896641731262e-02
8.704115450382232666e-02
7.657683640718460083e-02
1.332132667303085327e-01
7.649742811918258667e-02
9.361204504966735840e-02
1.406761109828948975e-01
1.091249361634254456e-01
9.914556890726089478e-02
7.390796393156051636e-02
9.648894518613815308e-02
6.245812773704528809e-02
4.880619049072265625e-02
6.107244640588760376e-02
5.171274021267890930e-02
1.067068502306938171e-01
1.123357415199279785e-01
7.373556494712829590e-02
6.788484752178192139e-02
9.864404052495956421e-02
8.239714801311492920e-02
6.318392604589462280e-02
3.635720908641815186e-02
3.906522318720817566e-02
4.768703877925872803e-02
6.805464625358581543e-02
7.681469619274139404e-02
3.548606485128402710e-02
4.297710955142974854e-02
7.382170855998992920e-02
5.998292565345764160e-02
5.397347733378410339e-02
6.699962168931961060e-02
6.446411460638046265e-02
4.337675496935844421e-02
1.258913725614547729e-01
4.686351865530014038e-02
4.992317408323287964e-02
6.309875845909118652e-02
4.197767376899719238e-02
8.915301412343978882e-02
4.681864753365516663e-02
6.928422302007675171e-02
1.056633740663528442e-01
6.176495179533958435e-02
7.847025245428085327e-02
4.497352614998817444e-02
9.140982478857040405e-02
6.123582646250724792e-02
1.084109172224998474e-01
1.103105470538139343e-01
6.406004726886749268e-02
3.582252189517021179e-02
6.255908310413360596e-02
8.580158650875091553e-02
2.762160077691078186e-02
3.591702878475189209e-02
4.256927594542503357e-02
4.752845689654350281e-02
6.709938496351242065e-02
9.041331708431243896e-02
7.702460885047912598e-02
3.028327785432338715e-02
7.059524208307266235e-02
3.890961036086082458e-02
5.931210145354270935e-02
4.021811485290527344e-02
7.931652665138244629e-02
5.501195788383483887e-02
6.137159094214439392e-02
8.024253696203231812e-02
6.532843410968780518e-02
1.013358011841773987e-01
6.379628181457519531e-02
5.257419869303703308e-02
4.085109382867813110e-02
8.090043067932128906e-02
5.891580134630203247e-02
8.110218495130538940e-02
6.731482595205307007e-02
8.405563235282897949e-02
6.500274688005447388e-02
7.362296432256698608e-02
4.162519797682762146e-02
6.524237245321273804e-02
4.038675501942634583e-02
6.655753403902053833e-02
2.802136912941932678e-02
5.965795740485191345e-02
6.717640906572341919e-02
8.612203598022460938e-02
1.326140016317367554e-01
9.072541445493698120e-02
7.137881219387054443e-02
7.521265000104904175e-02
1.045895814895629883e-01
9.439513087272644043e-02
9.434990584850311279e-02
5.417291447520256042e-02
6.519157439470291138e-02
7.610669732093811035e-02
8.158233016729354858e-02
1.061991229653358459e-01
9.132837504148483276e-02
8.337437361478805542e-02
1.016447693109512329e-01
6.653998792171478271e-02
6.343951821327209473e-02
6.383597105741500854e-02
7.679913938045501709e-02
7.368921488523483276e-02
7.859554886817932129e-02
9.758605808019638062e-02
7.459317147731781006e-02
5.030519515275955200e-02
5.115181952714920044e-02
7.270640879869461060e-02
8.840737491846084595e-02
7.082596421241760254e-02
8.058898895978927612e-02
4.047239944338798523e-02
5.147103592753410339e-02
5.309018120169639587e-02
8.956427872180938721e-02
6.282671540975570679e-02
1.176093146204948425e-01
7.922945916652679443e-02
6.593469530344009399e-02
7.204616069793701172e-02
7.388097792863845825e-02
5.476096272468566895e-02
1.134434565901756287e-01
3.807264193892478943e-02
1.063074693083763123e-01
4.442450776696205139e-02
6.260425597429275513e-02
8.166162669658660889e-02
5.017627030611038208e-02
1.006905063986778259e-01
1.319628655910491943e-01
1.054681539535522461e-01
9.926945716142654419e-02
1.653846949338912964e-01
1.079207211732864380e-01
1.012365370988845825e-01
1.329384744167327881e-01
6.703202426433563232e-02
6.327243894338607788e-02
9.277211874723434448e-02
5.581961199641227722e-02
9.239137917757034302e-02
6.800238788127899170e-02
5.594123527407646179e-02
5.818845704197883606e-02
7.803568243980407715e-02
5.324365571141242981e-02
4.396858066320419312e-02
1.241495236754417419e-01
6.563176959753036499e-02
6.387116014957427979e-02
7.015152275562286377e-02
6.589343398809432983e-02
8.766444772481918335e-02
8.612063527107238770e-02
1.008158475160598755e-01
7.660254836082458496e-02
8.618485182523727417e-02
7.219953089952468872e-02
5.037099868059158325e-02
7.327916473150253296e-02
5.600694566965103149e-02
3.668291494250297546e-02
3.331914171576499939e-02
4.315188527107238770e-02
6.895693391561508179e-02
6.184533983469009399e-02
4.695213586091995239e-02
4.336532205343246460e-02
6.755674630403518677e-02
8.487834781408309937e-02
1.549680978059768677e-01
1.450506895780563354e-01
9.981431812047958374e-02
6.672173738479614258e-02
1.762840598821640015e-01
1.137175187468528748e-01
7.326039671897888184e-02
6.145189329981803894e-02
3.659465909004211426e-02
5.447756126523017883e-02
9.574831277132034302e-02
5.007877945899963379e-02
8.095719665288925171e-02
5.037406831979751587e-02
1.172489747405052185e-01
5.399635434150695801e-02
4.676852747797966003e-02
7.264380156993865967e-02
6.083232909440994263e-02
5.316920205950737000e-02
4.621461406350135803e-02
4.391888901591300964e-02
8.494855463504791260e-02
1.010265946388244629e-01
9.085621684789657593e-02
7.872609049081802368e-02
6.280319392681121826e-02
7.177663594484329224e-02
5.437830835580825806e-02
5.366164073348045349e-02
1.147746667265892029e-01
1.432262659072875977e-01
7.007130980491638184e-02
6.955221295356750488e-02
8.334391564130783081e-02
7.436366379261016846e-02
4.021681845188140869e-02
7.016143202781677246e-02
5.394076928496360779e-02
5.526619032025337219e-02
7.158984988927841187e-02
4.889810830354690552e-02
6.845352053642272949e-02
1.273837089538574219e-01
1.444082260131835938e-01
7.099122554063796997e-02
8.188392221927642822e-02
8.373006433248519897e-02
7.653539627790451050e-02
1.083658486604690552e-01
4.772806167602539062e-02
1.163114458322525024e-01
6.834114342927932739e-02
4.404856264591217041e-02
5.429455265402793884e-02
1.090421602129936218e-01
7.633844017982482910e-02
3.056356683373451233e-02
5.184878781437873840e-02
4.672124981880187988e-02
5.289150029420852661e-02
2.981363050639629364e-02
3.043627552688121796e-02
5.445217713713645935e-02
4.606807976961135864e-02
5.289341881871223450e-02
5.432010814547538757e-02
5.784749984741210938e-02
4.297760128974914551e-02
4.076314717531204224e-02
8.323004841804504395e-02
7.635438442230224609e-02
6.021757051348686218e-02
4.871445521712303162e-02
1.097500845789909363e-01
8.323306590318679810e-02
1.537769436836242676e-01
5.347105860710144043e-02
9.302744269371032715e-02
7.332588732242584229e-02
6.289871037006378174e-02
2.985087409615516663e-02
6.993393599987030029e-02
4.485672339797019958e-02
2.797680906951427460e-02
5.904678627848625183e-02
3.987934067845344543e-02
7.543689757585525513e-02
5.748593807220458984e-02
7.518286257982254028e-02
1.021648794412612915e-01
6.542826443910598755e-02
4.936737194657325745e-02
5.065300688147544861e-02
3.782999515533447266e-02
8.013083785772323608e-02
1.185438632965087891e-01
8.183734863996505737e-02
6.267323344945907593e-02
5.840062722563743591e-02
5.593974143266677856e-02
7.180377840995788574e-02
1.219119057059288025e-01
1.960548758506774902e-01
8.400973677635192871e-02
6.463053822517395020e-02
1.275005787611007690e-01
4.732014238834381104e-02
3.400222212076187134e-02
4.293938726186752319e-02
6.593072414398193359e-02
