2.080716937780380249e-01
9.684096574783325195e-01
4.875936508178710938e-01
3.432420194149017334e-01
2.696514427661895752e-01
2.572273612022399902e-01
2.375463247299194336e-01
1.927031725645065308e-01
1.932968348264694214e-01
1.539141833782196045e-01
1.541728824377059937e-01
1.494860053062438965e-01
1.221449896693229675e-01
1.543146967887878418e-01
1.283849626779556274e-01
1.201319098472595215e-01
1.349139660596847534e-01
1.619894355535507202e-01
1.172435209155082703e-01
1.076695844531059265e-01
1.293424516916275024e-01
8.025800436735153198e-02
1.018961071968078613e-01
8.062098920345306396e-02
8.209118247032165527e-02
9.526052325963973999e-02
1.195177584886550903e-01
9.096658974885940552e-02
1.038096100091934204e-01
5.924754962325096130e-02
5.337378010153770447e-02
7.645877450704574585e-02
1.110752150416374207e-01
9.633924067020416260e-02
7.331013679504394531e-02
6.061769649386405945e-02
5.829002335667610168e-02
9.089199453592300415e-02
7.275247573852539062e-02
4.957854375243186951e-02
4.842108115553855896e-02
8.083526045083999634e-02
7.184585183858871460e-02
6.278235465288162231e-02
8.348650485277175903e-02
5.115535482764244080e-02
6.796754151582717896e-02
6.729992479085922241e-02
5.940505862236022949e-02
6.462689489126205444e-02
5.487864091992378235e-02
6.114440038800239563e-02
8.550908416509628296e-02
4.300340265035629272e-02
3.390362113714218140e-02
5.530967935919761658e-02
4.199398681521415710e-02
6.426426023244857788e-02
4.994466155767440796e-02
4.198367521166801453e-02
4.934202134609222412e-02
3.707217052578926086e-02
5.221667513251304626e-02
3.476808965206146240e-02
4.138556495308876038e-02
5.098795890808105469e-02
6.182923913002014160e-02
5.068703368306159973e-02
4.372617229819297791e-02
4.810805991291999817e-02
5.095197632908821106e-02
5.674294754862785339e-02
5.771781876683235168e-02
3.922459110617637634e-02
4.599804803729057312e-02
3.861662372946739197e-02
3.355796635150909424e-02
4.343127831816673279e-02
4.560751840472221375e-02
2.656866982579231262e-02
4.714369773864746094e-02
3.850011900067329407e-02
4.639549925923347473e-02
4.282979667186737061e-02
3.781871125102043152e-02
4.582689329981803894e-02
5.507154017686843872e-02
4.455995187163352966e-02
3.486789390444755554e-02
4.717209190130233765e-02
2.584373019635677338e-02
4.735333845019340515e-02
4.810481891036033630e-02
2.249980345368385315e-02
2.593491040170192719e-02
3.742275014519691467e-02
5.333969742059707642e-02
6.559493392705917358e-02
8.233093470335006714e-02
5.007191374897956848e-02
3.563201799988746643e-02
4.658868908882141113e-02
2.791509591042995453e-02
2.258520200848579407e-02
2.717269957065582275e-02
2.901676669716835022e-02
2.703870832920074463e-02
3.048894368112087250e-02
2.276010811328887939e-02
2.244747243821620941e-02
2.893427573144435883e-02
2.493429929018020630e-02
3.981987014412879944e-02
3.297538682818412781e-02
2.561133913695812225e-02
2.337947301566600800e-02
5.272294953465461731e-02
5.698401480913162231e-02
6.959292292594909668e-02
5.917077139019966125e-02
4.065986722707748413e-02
6.002929806709289551e-02
5.659709498286247253e-02
3.967893868684768677e-02
2.740837633609771729e-02
3.428135812282562256e-02
4.201835766434669495e-02
2.888665162026882172e-02
4.112357273697853088e-02
3.031361661851406097e-02
3.019419126212596893e-02
2.829721570014953613e-02
4.448192194104194641e-02
3.142522275447845459e-02
1.999007537961006165e-02
3.284944593906402588e-02
4.792199656367301941e-02
6.541650742292404175e-02
3.987348824739456177e-02
3.094783984124660492e-02
2.660107612609863281e-02
3.975323587656021118e-02
2.464783564209938049e-02
2.461907826364040375e-02
3.451349958777427673e-02
3.111810795962810516e-02
2.681691758334636688e-02
4.750660061836242676e-02
3.765363618731498718e-02
3.925822302699089050e-02
2.384163625538349152e-02
1.779623515903949738e-02
1.781470887362957001e-02
2.986781112849712372e-02
2.627106010913848877e-02
1.333943009376525879e-02
2.730344608426094055e-02
3.355557844042778015e-02
1.823916845023632050e-02
1.488760299980640411e-02
2.418108098208904266e-02
4.279623180627822876e-02
2.644627727568149567e-02
2.597467601299285889e-02
2.162222377955913544e-02
3.752898797392845154e-02
2.632352150976657867e-02
2.532203495502471924e-02
1.966458745300769806e-02
2.721732668578624725e-02
2.709192037582397461e-02
1.943627558648586273e-02
2.960577979683876038e-02
3.033937513828277588e-02
2.118947170674800873e-02
2.203401178121566772e-02
1.185957156121730804e-02
2.747103013098239899e-02
2.236380241811275482e-02
1.941549591720104218e-02
1.676560007035732269e-02
3.858657926321029663e-02
5.558982118964195251e-02
2.880748175084590912e-02
3.418274968862533569e-02
2.217092551290988922e-02
2.436244487762451172e-02
3.221494704484939575e-02
3.357255086302757263e-02
4.354594647884368896e-02
2.432085201144218445e-02
2.885838411748409271e-02
3.321405872702598572e-02
2.030727081000804901e-02
2.148154191672801971e-02
1.855701766908168793e-02
4.243880137801170349e-02
2.520596794784069061e-02
2.852310240268707275e-02
1.290103327482938766e-02
3.642741963267326355e-02
2.802504040300846100e-02
3.029212728142738342e-02
1.457132399082183838e-02
2.445495128631591797e-02
1.873669028282165527e-02
2.906097285449504852e-02
2.484733611345291138e-02
2.136955596506595612e-02
1.060396339744329453e-02
1.533270906656980515e-02
2.146354503929615021e-02
2.132867462933063507e-02
2.841132692992687225e-02
1.995233446359634399e-02
2.234429121017456055e-02
2.580549381673336029e-02
3.576983138918876648e-02
4.109308868646621704e-02
3.791104257106781006e-02
4.188515245914459229e-02
1.696482114493846893e-02
2.627952769398689270e-02
2.295220457017421722e-02
1.372257340699434280e-02
1.724426820874214172e-02
2.074742689728736877e-02
2.545085921883583069e-02
2.406551688909530640e-02
2.929571829736232758e-02
1.779076643288135529e-02
1.844073832035064697e-02
1.587702333927154541e-02
2.559414319694042206e-02
1.619143411517143250e-02
1.228757482022047043e-02
2.935631573200225830e-02
5.720359832048416138e-02
2.888611890375614166e-02
3.263397142291069031e-02
2.602435648441314697e-02
5.133833363652229309e-02
4.600707069039344788e-02
5.335022136569023132e-02
3.703054040670394897e-02
2.366099320352077484e-02
3.608930110931396484e-02
2.524227835237979889e-02
1.799192838370800018e-02
1.265738811343908310e-02
3.792421147227287292e-02
2.330627851188182831e-02
3.252116590738296509e-02
3.687079995870590210e-02
2.188876830041408539e-02
2.568447589874267578e-02
1.967306248843669891e-02
1.819984242320060730e-02
1.470494177192449570e-02
1.045260857790708542e-02
2.627880312502384186e-02
1.270653773099184036e-02
1.276441570371389389e-02
2.289229631423950195e-02
1.932763867080211639e-02
9.624166414141654968e-03
1.217534579336643219e-02
2.211656980216503143e-02
1.940915547311306000e-02
1.599873416125774384e-02
2.538466453552246094e-02
2.865941636264324188e-02
1.476841140538454056e-02
1.680466346442699432e-02
1.847558282315731049e-02
2.285462990403175354e-02
1.314599998295307159e-02
3.028563968837261200e-02
2.035392075777053833e-02
1.550802867859601974e-02
2.414642088115215302e-02
1.291898917406797409e-02
1.312262285500764847e-02
1.615399494767189026e-02
1.665721833705902100e-02
2.592225186526775360e-02
1.360437739640474319e-02
2.653825655579566956e-02
1.977092958986759186e-02
2.563625574111938477e-02
2.990271709859371185e-02
1.994404010474681854e-02
1.561138220131397247e-02
1.660138741135597229e-02
3.642340376973152161e-02
1.983117312192916870e-02
1.055830623954534531e-02
3.082907013595104218e-02
2.589412592351436615e-02
2.413045242428779602e-02
2.326103858649730682e-02
2.399316616356372833e-02
2.250549010932445526e-02
2.438933774828910828e-02
2.028852514922618866e-02
1.647375896573066711e-02
2.916387096047401428e-02
1.867994479835033417e-02
2.421035803854465485e-02
1.218543667346239090e-02
1.260263659060001373e-02
8.830490522086620331e-03
1.751484721899032593e-02
1.475758850574493408e-02
3.267427533864974976e-02
1.860949769616127014e-02
3.375492990016937256e-02
1.362916082143783569e-02
7.663046475499868393e-03
1.882738620042800903e-02
1.609493233263492584e-02
5.462579894810914993e-03
5.710934754461050034e-03
1.173016708344221115e-02
1.470981258898973465e-02
1.391931623220443726e-02
1.463444996625185013e-02
3.252352401614189148e-02
2.441262081265449524e-02
1.828432641923427582e-02
8.193938992917537689e-03
1.796187087893486023e-02
8.205510675907135010e-03
2.215626090764999390e-02
1.906244643032550812e-02
1.181891467422246933e-02
1.323976274579763412e-02
9.564966894686222076e-03
2.475996874272823334e-02
1.635693572461605072e-02
8.020146749913692474e-03
2.590177394449710846e-02
1.480081584304571152e-02
1.396461576223373413e-02
6.345441099256277084e-03
1.605125330388545990e-02
3.136837109923362732e-02
2.899982593953609467e-02
1.974933221936225891e-02
1.588297821581363678e-02
1.047678757458925247e-02
2.336833439767360687e-02
1.287096645683050156e-02
1.068031601607799530e-02
9.717275388538837433e-03
1.269876677542924881e-02
1.453031133860349655e-02
1.353035308420658112e-02
1.243558432906866074e-02
2.661599591374397278e-02
1.384574081748723984e-02
6.586793344467878342e-03
8.354674093425273895e-03
9.861152619123458862e-03
6.707520689815282822e-03
5.590276792645454407e-03
1.048768591135740280e-02
5.715779494494199753e-03
7.997114211320877075e-03
3.300906717777252197e-02
1.006489153951406479e-02
1.806832291185855865e-02
1.352222915738821030e-02
9.515726938843727112e-03
9.016230702400207520e-03
7.350080646574497223e-03
1.996142417192459106e-02
1.950846239924430847e-02
9.559468366205692291e-03
3.036330640316009521e-02
1.054354943335056305e-02
1.103987637907266617e-02
1.684678159654140472e-02
1.601976715028285980e-02
3.886575577780604362e-03
5.806246306747198105e-03
1.658541150391101837e-02
1.027300115674734116e-02
1.532916724681854248e-02
7.162129040807485580e-03
1.710748672485351562e-02
1.387596316635608673e-02
1.827286742627620697e-02
1.313154306262731552e-02
6.740580778568983078e-03
1.094898488372564316e-02
1.397114153951406479e-02
2.865613810718059540e-02
1.446031033992767334e-02
6.757935043424367905e-03
7.866329513490200043e-03
1.844239234924316406e-02
1.930968463420867920e-02
3.423079103231430054e-02
1.971649192273616791e-02
1.240875851362943649e-02
1.426456123590469360e-02
5.954556632786989212e-03
6.133845541626214981e-03
6.078868638724088669e-03
9.541334584355354309e-03
9.339409880340099335e-03
1.746259815990924835e-02
1.049010176211595535e-02
9.501188062131404877e-03
2.361720614135265350e-02
2.326001785695552826e-02
1.049125008285045624e-02
1.344234775751829147e-02
1.202369295060634613e-02
2.338499203324317932e-02
2.223744243383407593e-02
2.211071550846099854e-02
7.224165834486484528e-03
6.568119861185550690e-03
5.166522692888975143e-03
8.767747320234775543e-03
3.016191720962524414e-02
5.616851616650819778e-03
1.087130233645439148e-02
9.941037744283676147e-03
2.011418715119361877e-02
5.093700438737869263e-02
1.960444077849388123e-02
2.593052387237548828e-02
2.751899138092994690e-02
2.736887894570827484e-02
2.258319035172462463e-02
1.528677064925432205e-02
1.453848835080862045e-02
2.190310508012771606e-02
2.414132840931415558e-02
2.541830576956272125e-02
3.441686928272247314e-02
1.771642453968524933e-02
1.243984047323465347e-02
1.676043123006820679e-02
5.449018906801939011e-03
6.268661469221115112e-03
6.254537496715784073e-03
1.091784518212080002e-02
9.482404217123985291e-03
7.314716465771198273e-03
3.520129946991801262e-03
1.250722911208868027e-02
5.257486365735530853e-03
6.015797611325979233e-03
3.298926725983619690e-02
6.683188024908304214e-03
7.002396043390035629e-03
6.822290364652872086e-03
1.510210614651441574e-02
3.025327436625957489e-02
2.883487008512020111e-02
1.605175249278545380e-02
2.269194088876247406e-02
1.087407488375902176e-02
1.804694347083568573e-02
1.952508464455604553e-02
2.117491886019706726e-02
1.468350645154714584e-02
8.232899010181427002e-03
1.668640971183776855e-02
1.673000864684581757e-02
8.636286482214927673e-03
1.002712082117795944e-02
1.582348905503749847e-02
9.980760514736175537e-03
1.276301499456167221e-02
5.567675922065973282e-03
8.264652453362941742e-03
1.335749309509992599e-02
9.309405460953712463e-03
8.997595869004726410e-03
1.265626400709152222e-02
4.191180225461721420e-03
1.790173165500164032e-02
4.230860248208045959e-02
2.035468630492687225e-02
5.441761109977960587e-03
9.224092587828636169e-03
8.978820405900478363e-03
1.045523863285779953e-02
9.155286476016044617e-03
7.809593807905912399e-03
7.823297753930091858e-03
8.107724599540233612e-03
5.758523475378751755e-03
9.031418710947036743e-03
9.065710939466953278e-03
6.349262781441211700e-03
7.637237198650836945e-03
1.926000462844967842e-03
3.733924124389886856e-03
9.998840279877185822e-03
1.646112650632858276e-03
6.490197032690048218e-03
7.386764045804738998e-03
6.454136222600936890e-03
4.047401249408721924e-03
3.684873459860682487e-03
9.179106913506984711e-03
5.474933888763189316e-03
4.395818337798118591e-03
5.936681758612394333e-03
6.026866845786571503e-03
4.561841115355491638e-02
4.072506353259086609e-02
2.274418435990810394e-02
1.242964249104261398e-02
2.164084836840629578e-02
2.062787115573883057e-02
2.538991905748844147e-02
1.113472040742635727e-02
7.334867957979440689e-03
1.002093777060508728e-02
1.047984044998884201e-02
1.931828819215297699e-02
1.061568688601255417e-02
7.507720030844211578e-03
1.464176084846258163e-02
9.083452634513378143e-03
3.777747740969061852e-03
4.719230812042951584e-03
8.733431808650493622e-03
7.708933204412460327e-03
1.917023584246635437e-02
1.689371280372142792e-02
1.451334543526172638e-02
7.555779069662094116e-03
1.127282157540321350e-02
3.969417419284582138e-03
2.424426190555095673e-02
4.878442734479904175e-03
1.532753743231296539e-02
1.285007037222385406e-02
7.420745678246021271e-03
4.693346843123435974e-02
3.047927655279636383e-02
2.280490659177303314e-02
1.662907190620899200e-02
3.432437032461166382e-02
1.732361875474452972e-02
2.389224059879779816e-02
1.996324025094509125e-02
1.408915966749191284e-02
1.944854669272899628e-02
1.116464100778102875e-02
1.221749372780323029e-02
1.046521868556737900e-02
2.449101023375988007e-02
8.421411737799644470e-03
4.347397014498710632e-03
5.615844391286373138e-03
6.157168652862310410e-03
1.122674904763698578e-02
9.330072440207004547e-03
2.495563775300979614e-02
4.252349492162466049e-03
3.651298349723219872e-03
2.234826097264885902e-03
7.406923919916152954e-03
3.586115781217813492e-03
7.047792430967092514e-03
1.121431589126586914e-02
2.156124077737331390e-02
3.835223382338881493e-03
4.247931297868490219e-03
3.729353891685605049e-03
5.376108456403017044e-03
6.181636359542608261e-03
4.815380088984966278e-03
6.916955113410949707e-03
5.937298759818077087e-03
6.184491328895092010e-03
5.220048595219850540e-03
1.598341949284076691e-02
8.848097175359725952e-03
1.209842693060636520e-02
8.395955897867679596e-03
3.255446208640933037e-03
4.248163197189569473e-03
5.272207316011190414e-03
5.976023152470588684e-03
2.572040306404232979e-03
2.919433172792196274e-03
6.829833146184682846e-03
3.109349403530359268e-03
1.269592344760894775e-02
5.750436335802078247e-03
9.607079438865184784e-03
2.798965945839881897e-02
1.306422520428895950e-02
1.968781463801860809e-02
1.306890882551670074e-02
4.988831002265214920e-03
7.613056804984807968e-03
1.073849946260452271e-02
6.909135729074478149e-03
3.759677056223154068e-03
4.278262611478567123e-03
7.395759224891662598e-03
5.688248202204704285e-03
7.076506968587636948e-03
3.977972082793712616e-03
2.174925757572054863e-03
3.240889403969049454e-03
2.976469462737441063e-03
6.943370681256055832e-03
3.318298375234007835e-03
4.261166788637638092e-03
4.777382593601942062e-03
1.727168448269367218e-03
2.365502994507551193e-03
2.041451400145888329e-03
5.429746583104133606e-03
7.224948145449161530e-03
3.354644402861595154e-03
2.446276601403951645e-03
7.803226355463266373e-03
4.211781546473503113e-03
7.640257477760314941e-03
1.248819846659898758e-02
3.855096874758601189e-03
5.304858088493347168e-03
2.202450297772884369e-03
1.070663705468177795e-02
1.836594752967357635e-02
1.294100750237703323e-02
2.992543391883373260e-03
5.404483992606401443e-03
4.240827634930610657e-03
7.070736493915319443e-03
4.142127465456724167e-03
1.181469019502401352e-02
2.072138478979468346e-03
5.991685669869184494e-03
9.748921729624271393e-03
6.371390074491500854e-03
3.033232642337679863e-03
9.258222766220569611e-03
9.793984703719615936e-03
8.935390971601009369e-03
1.119456719607114792e-02
5.130670499056577682e-03
2.501724520698189735e-03
1.407572533935308456e-02
6.573304533958435059e-03
5.604143720120191574e-03
3.488893155008554459e-03
3.817866789177060127e-03
2.093372307717800140e-02
5.451654270291328430e-02
3.312817960977554321e-02
1.044783648103475571e-02
1.664481125771999359e-02
1.011752430349588394e-02
2.200579270720481873e-02
5.819696933031082153e-03
4.847062285989522934e-03
1.571837253868579865e-02
4.835778381675481796e-03
4.824669566005468369e-03
9.013244882225990295e-03
9.394495747983455658e-03
8.015268482267856598e-03
1.032379106618463993e-03
3.846572479233145714e-03
2.911404473707079887e-03
5.693797487765550613e-03
6.223928648978471756e-03
4.171029198914766312e-03
1.008255314081907272e-02
5.143476650118827820e-03
1.069297920912504196e-02
4.715580958873033524e-03
7.789953146129846573e-03
9.329541586339473724e-03
3.061578143388032913e-03
2.776430454105138779e-03
1.377097796648740768e-03
3.440370084717869759e-03
4.257589112967252731e-03
1.953267259523272514e-03
1.012351643294095993e-02
4.874689504504203796e-03
8.040531538426876068e-03
9.867643006145954132e-03
6.962936371564865112e-03
6.012717727571725845e-03
3.405647817999124527e-03
2.173125511035323143e-03
3.241237951442599297e-03
4.281081724911928177e-03
8.548363111913204193e-04
3.372946521267294884e-03
3.079684684053063393e-03
1.990326913073658943e-03
5.218086298555135727e-03
1.559909200295805931e-03
3.983140457421541214e-03
2.893141470849514008e-03
5.251078866422176361e-03
2.151751425117254257e-03
4.685934167355298996e-03
1.554136979393661022e-03
3.451180178672075272e-03
8.606663905084133148e-03
3.114212071523070335e-03
7.753734476864337921e-03
2.922497456893324852e-03
5.396164488047361374e-03
2.384310355409979820e-03
1.195536833256483078e-02
2.881694817915558815e-03
1.820258214138448238e-03
3.164361463859677315e-03
3.664685878902673721e-03
2.024176297709345818e-03
2.522998256608843803e-03
1.778399571776390076e-03
1.947324373759329319e-03
3.522168612107634544e-03
1.038065529428422451e-03
3.881420241668820381e-03
1.559433410875499249e-03
3.089449834078550339e-03
2.190731232985854149e-03
4.417491611093282700e-03
4.025613889098167419e-03
2.163783414289355278e-03
6.673150695860385895e-03
3.956026583909988403e-02
2.275038138031959534e-02
3.135121986269950867e-02
6.427764426916837692e-03
1.240310352295637131e-02
2.747199870645999908e-02
1.711191050708293915e-02
1.857576891779899597e-02
1.379855442792177200e-02
2.074663061648607254e-03
5.842121317982673645e-03
2.232243539765477180e-03
6.880240049213171005e-03
4.043693654239177704e-03
9.173168800771236420e-03
1.534198224544525146e-02
2.405392937362194061e-02
1.572845503687858582e-02
1.019106060266494751e-02
1.990815810859203339e-02
7.458136882632970810e-03
1.250567194074392319e-02
1.641513430513441563e-03
5.416594911366701126e-03
1.423111557960510254e-02
1.105746813118457794e-02
1.748079620301723480e-02
1.101386174559593201e-02
7.603786420077085495e-03
6.473159883171319962e-03
5.572211463004350662e-03
9.890681132674217224e-03
5.162347573786973953e-03
8.901589550077915192e-03
2.548606507480144501e-02
8.751760236918926239e-03
4.148564301431179047e-03
2.845315728336572647e-03
3.959901165217161179e-03
1.275319606065750122e-02
1.411753613501787186e-02
6.833160761743783951e-03
4.119872581213712692e-03
1.504654716700315475e-02
5.871372297406196594e-03
7.438232656568288803e-03
4.250254947692155838e-03
9.964811615645885468e-03
3.102683229371905327e-03
8.172651752829551697e-03
7.374578155577182770e-03
6.319507956504821777e-03
2.277908613905310631e-03
7.513615768402814865e-03
3.203546395525336266e-03
2.789635956287384033e-02
1.271058525890111923e-02
1.033551525324583054e-02
8.944387547671794891e-03
3.402448445558547974e-02
2.189251594245433807e-02
6.160547491163015366e-03
1.105449628084897995e-02
1.000059302896261215e-02
7.051173597574234009e-03
1.983928494155406952e-03
2.487811027094721794e-03
4.176105372607707977e-03
8.660475723445415497e-03
6.227706093341112137e-03
9.512142278254032135e-03
2.144110947847366333e-02
7.029338274151086807e-03
3.561362391337752342e-03
2.199303358793258667e-02
7.710583042353391647e-03
8.845759555697441101e-03
5.101461429148912430e-03
7.861203514039516449e-03
9.094740264117717743e-03
1.088821515440940857e-02
2.336028963327407837e-03
3.863436868414282799e-03
8.812048472464084625e-03
9.524255059659481049e-03
1.778366975486278534e-02
1.192657183855772018e-02
8.381167426705360413e-03
1.056643947958946228e-02
2.959306351840496063e-03
4.420970100909471512e-03
3.275578841567039490e-03
9.493049234151840210e-03
2.883468521758913994e-03
7.155162282288074493e-03
4.812462255358695984e-03
5.368806887418031693e-03
4.197856876999139786e-03
7.130584213882684708e-03
1.328093814663589001e-03
3.454399527981877327e-03
3.808354260399937630e-03
6.783443037420511246e-03
1.094383746385574341e-02
5.011248402297496796e-03
1.903099939227104187e-02
2.563809789717197418e-02
1.229334250092506409e-02
7.612450513988733292e-03
8.552321232855319977e-03
5.962187889963388443e-03
3.184671746566891670e-03
3.284284146502614021e-03
5.027036648243665695e-03
5.495166871696710587e-03
1.788731291890144348e-02
8.020915091037750244e-03
7.897997274994850159e-03
7.419408299028873444e-03
5.186140537261962891e-03
9.266087785363197327e-03
9.958564303815364838e-03
2.545675495639443398e-03
3.160384716466069221e-03
1.199151854962110519e-02
1.095544081181287766e-02
1.327050942927598953e-02
1.701558358035981655e-03
5.557884927839040756e-03
6.203142926096916199e-03
3.353950753808021545e-02
1.553418952971696854e-02
7.122323848307132721e-03
3.233104944229125977e-03
1.792180910706520081e-02
3.566251695156097412e-02
2.794527821242809296e-02
3.327966481447219849e-02
9.134382009506225586e-03
1.138908881694078445e-02
1.493882667273283005e-02
1.896703429520130157e-02
9.751739911735057831e-03
1.024805568158626556e-02
2.353700809180736542e-02
3.853511065244674683e-02
9.369285777211189270e-03
1.042847242206335068e-02
8.572107180953025818e-03
2.524532377719879150e-02
1.569868437945842743e-02
5.720665678381919861e-03
1.102440338581800461e-02
9.935370646417140961e-03
1.013024430721998215e-02
4.836025647819042206e-03
9.658578783273696899e-03
4.447044339030981064e-03
5.763711407780647278e-03
2.498147776350378990e-03
3.715371014550328255e-03
1.035280153155326843e-02
1.038063224405050278e-02
6.921966560184955597e-03
3.807928180322051048e-03
6.596501916646957397e-03
4.618621431291103363e-03
2.851909492164850235e-03
1.537316828034818172e-03
6.649209652096033096e-03
2.197605092078447342e-03
3.008331172168254852e-03
1.605936675332486629e-03
2.471429063007235527e-03
5.793644115328788757e-03
6.036849226802587509e-03
3.838054835796356201e-03
2.925381995737552643e-03
3.694893792271614075e-03
9.724190458655357361e-03
8.905396796762943268e-03
1.206128019839525223e-02
4.184841644018888474e-03
6.371982395648956299e-03
9.402462281286716461e-03
9.508079849183559418e-03
7.087645120918750763e-03
2.066165208816528320e-03
3.802550723776221275e-03
4.147501662373542786e-03
6.614681333303451538e-03
2.981917001307010651e-03
2.149316249415278435e-03
2.762995427474379539e-03
1.036940421909093857e-02
1.252466160804033279e-02
1.312028616666793823e-02
5.827649496495723724e-03
7.879748009145259857e-03
1.219961233437061310e-02
3.539958270266652107e-03
4.605890717357397079e-03
1.786625944077968597e-02
4.924319218844175339e-03
5.239776801317930222e-03
4.210358485579490662e-03
5.009620916098356247e-03
2.078521763905882835e-03
2.542954636737704277e-03
3.712978586554527283e-02
5.709509178996086121e-02
1.131865661591291428e-02
1.716649532318115234e-02
1.012216974049806595e-02
1.112988777458667755e-02
3.528737695887684822e-03
6.298531778156757355e-03
7.579734083265066147e-03
9.159028530120849609e-03
2.652706019580364227e-02
2.687401138246059418e-02
2.921100519597530365e-02
9.111144579946994781e-03
9.257988072931766510e-03
3.150096163153648376e-03
2.503806166350841522e-02
6.855737417936325073e-03
3.508267691358923912e-03
1.344772614538669586e-02
5.649954080581665039e-03
2.778623020276427269e-03
3.221942111849784851e-03
1.945636793971061707e-02
2.887948881834745407e-03
3.126746043562889099e-03
3.280431032180786133e-03
5.880621727555990219e-03
3.071104642003774643e-03
9.862343780696392059e-03
2.880848385393619537e-02
2.906703762710094452e-02
8.499639108777046204e-03
9.186415001749992371e-03
2.566680312156677246e-02
3.390508517622947693e-02
2.428527735173702240e-02
4.127885680645704269e-03
6.916414946317672729e-03
1.635571196675300598e-02
1.521028112620115280e-02
1.263291668146848679e-02
1.577258668839931488e-02
1.334516890347003937e-02
5.489931907504796982e-03
3.007594263181090355e-03
4.209011327475309372e-03
1.638323254883289337e-02
4.541014786809682846e-03
