2.310055941343307495e-01
2.185194253921508789e+00
2.420982837677001953e+00
1.313178777694702148e+00
1.438406825065612793e+00
7.580193877220153809e-01
7.624124288558959961e-01
5.731738209724426270e-01
4.888324439525604248e-01
4.537762701511383057e-01
4.326089322566986084e-01
3.789394199848175049e-01
3.621967732906341553e-01
2.748019695281982422e-01
2.696050405502319336e-01
2.775642275810241699e-01
2.680297493934631348e-01
2.957892119884490967e-01
2.258950918912887573e-01
2.648641765117645264e-01
2.416093349456787109e-01
2.353963404893875122e-01
1.855372637510299683e-01
2.097728550434112549e-01
2.138808220624923706e-01
1.778668016195297241e-01
2.248236387968063354e-01
1.436605751514434814e-01
1.907117813825607300e-01
1.789912879467010498e-01
1.473224610090255737e-01
1.501124203205108643e-01
1.602250486612319946e-01
1.350619792938232422e-01
1.744924187660217285e-01
1.388923376798629761e-01
1.196407601237297058e-01
1.271706074476242065e-01
1.534592956304550171e-01
1.388460546731948853e-01
1.327524036169052124e-01
1.191933900117874146e-01
1.306225657463073730e-01
1.126545593142509460e-01
9.854688495397567749e-02
8.608565479516983032e-02
9.217935800552368164e-02
1.373021155595779419e-01
9.732824563980102539e-02
1.030608564615249634e-01
1.020540818572044373e-01
8.626246452331542969e-02
1.149297505617141724e-01
1.043360754847526550e-01
8.314023166894912720e-02
1.127276942133903503e-01
1.013461127877235413e-01
8.718501776456832886e-02
5.211460217833518982e-02
8.967220038175582886e-02
6.447853893041610718e-02
8.990815281867980957e-02
8.034769445657730103e-02
8.501779288053512573e-02
8.125543594360351562e-02
8.562882989645004272e-02
1.250897645950317383e-01
1.218167170882225037e-01
8.673658221960067749e-02
8.237504214048385620e-02
7.842642813920974731e-02
1.071667596697807312e-01
7.935692369937896729e-02
5.407862737774848938e-02
8.232666552066802979e-02
6.754730641841888428e-02
7.617853581905364990e-02
6.602325290441513062e-02
6.613891571760177612e-02
6.121354177594184875e-02
5.961275845766067505e-02
9.864041209220886230e-02
8.082257956266403198e-02
6.511850655078887939e-02
8.220798522233963013e-02
5.633169040083885193e-02
7.032584398984909058e-02
8.717155456542968750e-02
4.384851455688476562e-02
4.747607931494712830e-02
8.320318907499313354e-02
6.538183242082595825e-02
6.038229539990425110e-02
6.969856470823287964e-02
5.639468505978584290e-02
4.891869053244590759e-02
8.082320541143417358e-02
4.314240068197250366e-02
4.134943336248397827e-02
6.888925284147262573e-02
5.419420078396797180e-02
9.026110917329788208e-02
4.508741572499275208e-02
4.795846715569496155e-02
6.086176261305809021e-02
8.204811066389083862e-02
3.724471852183341980e-02
3.669104725122451782e-02
5.102255567908287048e-02
6.901784986257553101e-02
4.005637392401695251e-02
6.467855721712112427e-02
4.395020753145217896e-02
4.044197499752044678e-02
8.645329624414443970e-02
3.785476461052894592e-02
5.794362351298332214e-02
4.400203749537467957e-02
4.477229341864585876e-02
5.584775283932685852e-02
3.502670302987098694e-02
3.867466375231742859e-02
3.666333481669425964e-02
5.180898308753967285e-02
5.958892032504081726e-02
4.881008714437484741e-02
4.730075970292091370e-02
5.403506383299827576e-02
4.559732228517532349e-02
4.747754707932472229e-02
4.210507869720458984e-02
4.263638705015182495e-02
5.451869592070579529e-02
5.242635682225227356e-02
4.257621988654136658e-02
3.050902299582958221e-02
5.147802457213401794e-02
3.922718018293380737e-02
2.709316648542881012e-02
3.641461953520774841e-02
5.509336665272712708e-02
5.209186673164367676e-02
4.458259791135787964e-02
2.818891964852809906e-02
3.112107329070568085e-02
4.121759161353111267e-02
4.268031194806098938e-02
4.069438949227333069e-02
4.018540307879447937e-02
4.541271552443504333e-02
4.077365621924400330e-02
3.084511496126651764e-02
3.068135492503643036e-02
3.685663640499114990e-02
3.395859524607658386e-02
3.244732320308685303e-02
3.409036248922348022e-02
2.857796289026737213e-02
5.899459868669509888e-02
3.155535459518432617e-02
3.912995383143424988e-02
2.052094228565692902e-02
3.880010545253753662e-02
3.765025734901428223e-02
3.359737619757652283e-02
2.866624668240547180e-02
3.828401863574981689e-02
4.550846666097640991e-02
3.944291919469833374e-02
3.862886130809783936e-02
4.561113566160202026e-02
4.971842840313911438e-02
3.177302703261375427e-02
6.761567294597625732e-02
3.391883894801139832e-02
3.306492418050765991e-02
4.896238446235656738e-02
4.475771635770797729e-02
3.945471346378326416e-02
2.242832630872726440e-02
3.143977746367454529e-02
1.565654389560222626e-02
4.003914445638656616e-02
2.318682521581649780e-02
3.098316863179206848e-02
5.052101612091064453e-02
3.713912889361381531e-02
3.648378327488899231e-02
3.966851532459259033e-02
4.195241630077362061e-02
2.500951662659645081e-02
2.166306227445602417e-02
3.675469011068344116e-02
3.697043284773826599e-02
2.827404439449310303e-02
3.442377969622612000e-02
2.500191330909729004e-02
2.171606197953224182e-02
2.427702769637107849e-02
3.850351646542549133e-02
4.037686437368392944e-02
3.185079619288444519e-02
2.884238958358764648e-02
2.339236810803413391e-02
2.590318024158477783e-02
2.148926258087158203e-02
1.952640153467655182e-02
2.560440264642238617e-02
2.727932669222354889e-02
3.430098667740821838e-02
2.539407275617122650e-02
2.760787867009639740e-02
1.695261709392070770e-02
4.930742457509040833e-02
2.222700044512748718e-02
2.508366666734218597e-02
3.245137259364128113e-02
4.366280138492584229e-02
2.240680344402790070e-02
2.567076496779918671e-02
3.049379959702491760e-02
3.716922551393508911e-02
1.912518218159675598e-02
3.220161423087120056e-02
3.001656197011470795e-02
3.364297375082969666e-02
2.092256210744380951e-02
1.954006776213645935e-02
3.836785256862640381e-02
1.456144917756319046e-02
2.250473015010356903e-02
2.172532491385936737e-02
1.358775980770587921e-02
2.639822661876678467e-02
4.282607138156890869e-02
3.410955891013145447e-02
1.953708380460739136e-02
2.820279635488986969e-02
1.501457300037145615e-02
2.808896079659461975e-02
6.108759716153144836e-02
1.651651598513126373e-02
2.464058250188827515e-02
2.644566074013710022e-02
2.147377282381057739e-02
2.070929668843746185e-02
2.570867352187633514e-02
2.885290049016475677e-02
2.600163221359252930e-02
1.495746243745088577e-02
4.625640437006950378e-02
1.656189747154712677e-02
8.804771117866039276e-03
1.870035193860530853e-02
1.311296690255403519e-02
4.014663398265838623e-02
1.548013370484113693e-02
2.276279032230377197e-02
1.901959627866744995e-02
1.704450137913227081e-02
3.023998439311981201e-02
2.484765835106372833e-02
1.858256384730339050e-02
3.045767918229103088e-02
2.122782915830612183e-02
3.126114979386329651e-02
1.944268122315406799e-02
2.445407398045063019e-02
2.455358393490314484e-02
1.391342468559741974e-02
1.805436611175537109e-02
2.664219401776790619e-02
1.571951620280742645e-02
2.752599120140075684e-02
1.718485914170742035e-02
2.204857394099235535e-02
1.437821984291076660e-02
1.907710917294025421e-02
1.996328867971897125e-02
2.024308964610099792e-02
2.605527453124523163e-02
1.302435901015996933e-02
3.453810140490531921e-02
1.927546970546245575e-02
4.004791006445884705e-02
2.158803120255470276e-02
3.348523005843162537e-02
1.822827011346817017e-02
2.179135195910930634e-02
1.666464097797870636e-02
2.106868289411067963e-02
1.848164200782775879e-02
3.897557035088539124e-02
3.380987420678138733e-02
1.709574274718761444e-02
1.959931664168834686e-02
2.745461277663707733e-02
2.566652931272983551e-02
2.183459140360355377e-02
1.969557069242000580e-02
1.727288961410522461e-02
1.443173922598361969e-02
1.740922965109348297e-02
1.653260365128517151e-02
1.604873873293399811e-02
2.482783794403076172e-02
2.011192962527275085e-02
1.833237148821353912e-02
2.056332677602767944e-02
1.508326269686222076e-02
8.293329738080501556e-03
1.688745431602001190e-02
1.512963976711034775e-02
2.360901422798633575e-02
2.566650323569774628e-02
1.800325326621532440e-02
2.055256627500057220e-02
2.408646419644355774e-02
2.283836156129837036e-02
1.938737556338310242e-02
2.320935763418674469e-02
2.063345909118652344e-02
3.598051145672798157e-02
1.733496040105819702e-02
1.095739565789699554e-02
1.227945275604724884e-02
2.289219945669174194e-02
1.684288494288921356e-02
2.591002359986305237e-02
1.826219446957111359e-02
1.345739979296922684e-02
1.827153563499450684e-02
2.219090797007083893e-02
2.815435267984867096e-02
2.603949978947639465e-02
1.685979031026363373e-02
3.071378543972969055e-02
2.079970762133598328e-02
1.861369423568248749e-02
1.825057715177536011e-02
2.374968491494655609e-02
8.976119570434093475e-03
6.875182967633008957e-03
1.858617737889289856e-02
2.345513924956321716e-02
6.078832317143678665e-03
1.523283589631319046e-02
2.156293019652366638e-02
3.277203440666198730e-02
1.471822708845138550e-02
1.713003218173980713e-02
7.745345588773488998e-03
1.466011535376310349e-02
1.003038231283426285e-02
1.353798341006040573e-02
8.460850454866886139e-03
1.868841797113418579e-02
1.366476248949766159e-02
1.290953066200017929e-02
8.313155733048915863e-03
1.039751991629600525e-02
1.064189895987510681e-02
1.057655643671751022e-02
2.014120668172836304e-02
1.692073233425617218e-02
1.139820180833339691e-02
9.015047922730445862e-03
1.342566497623920441e-02
1.025963108986616135e-02
1.473322231322526932e-02
1.888842508196830750e-02
8.259075693786144257e-03
1.793244294822216034e-02
1.565460860729217529e-02
1.465799845755100250e-02
2.351382933557033539e-02
9.011845104396343231e-03
8.517879061400890350e-03
2.090216428041458130e-02
1.023551356047391891e-02
1.742162182927131653e-02
1.016291044652462006e-02
2.372382953763008118e-02
2.152487449347972870e-02
2.163362503051757812e-02
1.488726865500211716e-02
1.785091124475002289e-02
2.268104441463947296e-02
1.486702263355255127e-02
8.012390695512294769e-03
9.045886807143688202e-03
2.879308722913265228e-02
9.757309220731258392e-03
2.584684826433658600e-02
1.117702387273311615e-02
1.588894240558147430e-02
5.604624748229980469e-02
3.710453212261199951e-02
3.154755756258964539e-02
2.405220270156860352e-02
1.013839896768331528e-02
1.108003500849008560e-02
9.281617589294910431e-03
1.536990143358707428e-02
1.203837431967258453e-02
1.298876013606786728e-02
1.408821064978837967e-02
1.480384171009063721e-02
1.199682615697383881e-02
1.316563785076141357e-02
1.510404516011476517e-02
9.473561309278011322e-03
1.368044968694448471e-02
1.772830635309219360e-02
5.331458058208227158e-03
9.271993301808834076e-03
1.094313524663448334e-02
1.112007163465023041e-02
1.102356892079114914e-02
1.909525692462921143e-02
7.337491493672132492e-03
1.307201106101274490e-02
2.203073352575302124e-02
6.049188785254955292e-03
1.360871363431215286e-02
2.782206796109676361e-02
1.163312233984470367e-02
1.789992861449718475e-02
7.114045321941375732e-03
1.366467308253049850e-02
1.479096431285142899e-02
1.778358034789562225e-02
1.843414269387722015e-02
6.314826663583517075e-03
9.552365168929100037e-03
1.628036610782146454e-02
1.824988983571529388e-02
2.525858581066131592e-02
1.375923026353120804e-02
1.426451094448566437e-02
5.670239683240652084e-03
6.237330846488475800e-03
1.350585836917161942e-02
1.468683499842882156e-02
9.209032170474529266e-03
8.823931217193603516e-03
5.232359282672405243e-03
8.379515260457992554e-03
8.737778291106224060e-03
1.361981034278869629e-02
1.570286788046360016e-02
1.219293009489774704e-02
9.381539188325405121e-03
1.028547808527946472e-02
1.261916011571884155e-02
9.167435579001903534e-03
6.783145014196634293e-03
7.619592826813459396e-03
4.162368830293416977e-03
1.665093563497066498e-02
6.696765311062335968e-03
9.622425772249698639e-03
5.303147714585065842e-03
7.264246232807636261e-03
7.491582073271274567e-03
1.388913113623857498e-02
7.366457022726535797e-03
4.152080509811639786e-03
1.312079932540655136e-02
3.006680309772491455e-02
1.457236893475055695e-02
1.008210983127355576e-02
5.975374486297369003e-03
9.845037013292312622e-03
5.509809590876102448e-03
9.829460643231868744e-03
2.239628322422504425e-02
1.141995564103126526e-02
1.081038080155849457e-02
8.193529210984706879e-03
3.939446434378623962e-02
9.819421917200088501e-02
8.834986947476863861e-03
1.897173933684825897e-02
4.742902237921953201e-03
9.683888405561447144e-03
7.686515804380178452e-03
1.698874495923519135e-02
1.525575388222932816e-02
1.599986292421817780e-02
8.124484680593013763e-03
7.605163846164941788e-03
1.166902761906385422e-02
1.120814308524131775e-02
1.790203899145126343e-02
9.037011303007602692e-03
1.284021325409412384e-02
4.927581176161766052e-03
2.303683571517467499e-02
1.910652406513690948e-02
1.760536246001720428e-02
8.571096695959568024e-03
6.971787661314010620e-03
5.927104502916336060e-03
1.693173497915267944e-02
2.421320648863911629e-03
5.888698156923055649e-03
4.104197025299072266e-03
7.112793158739805222e-03
5.038913805037736893e-03
2.087633684277534485e-02
8.722028695046901703e-03
2.417447604238986969e-02
5.823568440973758698e-03
1.484396960586309433e-02
4.848997574299573898e-03
7.921862415969371796e-03
2.354942634701728821e-02
1.624643243849277496e-02
5.232186056673526764e-03
1.149502675980329514e-02
3.442511428147554398e-03
1.516038645058870316e-02
6.062559317797422409e-03
4.204156342893838882e-03
1.182336267083883286e-02
6.468917708843946457e-03
7.695404347032308578e-03
1.875669509172439575e-02
1.211888808757066727e-02
8.839654736220836639e-03
3.323728684335947037e-03
1.091198716312646866e-02
1.339258439838886261e-02
1.949301548302173615e-02
4.535263404250144958e-03
1.293499022722244263e-02
1.233417075127363205e-02
1.851521618664264679e-02
1.621639542281627655e-02
9.115037508308887482e-03
9.072145447134971619e-03
2.068728581070899963e-02
4.702701698988676071e-03
5.808985326439142227e-03
2.646550536155700684e-02
9.434564970433712006e-03
6.411184556782245636e-03
4.619165789335966110e-03
1.511681359261274338e-02
8.803176693618297577e-03
5.673201289027929306e-03
4.932642914354801178e-03
6.237156223505735397e-03
6.503199227154254913e-03
8.075734600424766541e-03
5.518158897757530212e-03
9.996551088988780975e-03
7.788431830704212189e-03
7.808842696249485016e-03
8.553783409297466278e-03
3.500632708892226219e-03
1.373332645744085312e-02
2.950161462649703026e-03
3.659281646832823753e-03
3.464517416432499886e-03
7.943372242152690887e-03
1.178451906889677048e-02
6.706071551889181137e-03
7.657376583665609360e-03
2.702524187043309212e-03
1.470464048907160759e-03
1.816406100988388062e-02
7.473222445696592331e-03
4.428734071552753448e-03
8.798464201390743256e-03
5.440208129584789276e-03
7.219863589853048325e-03
9.790164418518543243e-03
1.309555303305387497e-02
2.088496647775173187e-02
2.216077968478202820e-02
6.241089198738336563e-03
7.922550663352012634e-03
8.315538987517356873e-03
9.650480933487415314e-03
1.702246256172657013e-02
2.877880632877349854e-02
8.717106655240058899e-03
4.569350276142358780e-03
5.294180940836668015e-03
1.628344692289829254e-02
1.062593143433332443e-02
1.474154461175203323e-02
2.050601504743099213e-02
8.432013913989067078e-03
1.695244200527667999e-02
7.701174821704626083e-03
5.514557473361492157e-03
1.092694979161024094e-02
8.830564096570014954e-03
5.870430730283260345e-03
6.559450179338455200e-03
5.880635697394609451e-03
9.167718701064586639e-03
8.841737173497676849e-03
6.402620580047369003e-03
1.323243137449026108e-02
3.865686943754553795e-03
4.516757093369960785e-03
3.392961341887712479e-03
5.988618358969688416e-03
6.188258528709411621e-03
5.495780613273382187e-03
7.308521773666143417e-03
9.228511713445186615e-03
8.323478512465953827e-03
6.788712926208972931e-03
4.995020572096109390e-03
2.987293340265750885e-02
1.000428758561611176e-02
4.680628888309001923e-03
5.247249733656644821e-03
6.664352957159280777e-03
2.843758789822459221e-03
9.744469076395034790e-03
9.881480596959590912e-03
6.872757803648710251e-03
6.300121080130338669e-03
8.086344227194786072e-03
4.576226230710744858e-03
5.225059576332569122e-03
3.634682623669505119e-03
1.095386315137147903e-02
3.553643589839339256e-03
2.741547068580985069e-03
6.732872221618890762e-03
2.323044231161475182e-03
2.233338309451937675e-03
4.247699398547410965e-03
1.760823838412761688e-02
5.090251099318265915e-03
4.143785219639539719e-03
5.808807443827390671e-03
2.799410140141844749e-03
2.453008107841014862e-02
6.059194449335336685e-03
4.745536018162965775e-03
1.484228670597076416e-02
1.436104066669940948e-02
9.541298262774944305e-03
7.979935966432094574e-03
3.253521863371133804e-03
8.059403859078884125e-03
1.977117033675312996e-03
6.346949376165866852e-03
3.338400740176439285e-03
1.093807630240917206e-02
4.534512292593717575e-03
6.295207887887954712e-03
5.864440929144620895e-03
7.440408226102590561e-03
7.162992842495441437e-03
2.758775604888796806e-03
3.314058529213070869e-03
6.080459337681531906e-03
1.331188133917748928e-03
4.195635206997394562e-03
4.184120800346136093e-03
3.688874188810586929e-03
2.166680758818984032e-03
1.323202438652515411e-02
1.156128104776144028e-02
6.131248082965612411e-03
6.318207830190658569e-03
6.224531214684247971e-03
1.875775516964495182e-03
1.073083560913801193e-02
2.948046289384365082e-02
3.379282075911760330e-03
3.937943838536739349e-03
1.055386569350957870e-02
1.472141593694686890e-02
6.154817063361406326e-03
1.141616702079772949e-02
5.769810173660516739e-03
4.640386905521154404e-03
7.815442979335784912e-03
4.463238175958395004e-03
5.002389196306467056e-03
4.621013998985290527e-03
7.678237743675708771e-03
1.191927026957273483e-02
4.690642934292554855e-03
3.988856971263885498e-01
7.791429042816162109e+00
1.355545401573181152e+00
1.182125210762023926e-01
1.121241077780723572e-01
3.275247663259506226e-02
4.856549948453903198e-02
3.101328387856483459e-02
2.652421966195106506e-02
4.373464733362197876e-02
1.913457177579402924e-02
3.807308897376060486e-02
1.419400330632925034e-02
3.730207309126853943e-02
3.054453805088996887e-02
1.116429362446069717e-02
2.394650317728519440e-02
1.998481713235378265e-02
1.391202677041292191e-02
1.947499439120292664e-02
2.580367401242256165e-02
8.347605355083942413e-03
2.714911662042140961e-02
4.695395473390817642e-03
2.751898765563964844e-02
1.805061474442481995e-02
2.126304246485233307e-02
1.725512929260730743e-02
5.439894273877143860e-03
1.349596958607435226e-02
1.484039332717657089e-02
1.266305614262819290e-02
1.530244480818510056e-02
9.247502312064170837e-03
8.184798993170261383e-03
1.196639146655797958e-02
1.177045702934265137e-02
1.187036652117967606e-02
9.476656094193458557e-03
9.447868913412094116e-03
1.324380841106176376e-02
1.996448449790477753e-02
9.001904167234897614e-03
1.623664237558841705e-02
1.444472558796405792e-02
2.087481133639812469e-02
1.293951179832220078e-02
9.583331644535064697e-03
1.642970368266105652e-02
9.400275535881519318e-03
1.097135152667760849e-02
3.051941096782684326e-02
2.265756390988826752e-02
1.847234740853309631e-02
1.604440808296203613e-02
1.211169734597206116e-02
1.328481454402208328e-02
1.918539288453757763e-03
6.960906088352203369e-03
1.246421691030263901e-02
6.561830174177885056e-03
4.086028318852186203e-03
6.733875721693038940e-03
5.116006359457969666e-03
6.524603813886642456e-03
6.543050054460763931e-03
5.753554869443178177e-03
6.984324660152196884e-03
3.452791599556803703e-03
5.736175458878278732e-03
6.377271842211484909e-03
3.620058065280318260e-03
3.456709906458854675e-03
3.574859816581010818e-03
1.939037232659757137e-03
4.183665383607149124e-03
5.066414829343557358e-03
3.489185590296983719e-03
1.532108057290315628e-02
6.244474556297063828e-03
4.276294726878404617e-03
4.840850830078125000e-03
7.640453521162271500e-03
5.476515274494886398e-03
4.520097281783819199e-03
1.672282628715038300e-02
7.294522132724523544e-03
5.907143931835889816e-03
3.921107854694128036e-03
1.959356479346752167e-02
8.278257213532924652e-03
1.114216633141040802e-02
3.924053162336349487e-03
5.432730540633201599e-03
5.888420157134532928e-03
5.940523464232683182e-03
1.345502771437168121e-02
1.304146554321050644e-02
8.921355940401554108e-03
9.056260809302330017e-03
5.873449612408876419e-03
6.929333787411451340e-03
7.033734116703271866e-03
1.027627941220998764e-02
3.743385896086692810e-03
7.706233300268650055e-03
3.275126917287707329e-03
6.202223710715770721e-03
1.624345663003623486e-03
5.882891826331615448e-03
2.244754461571574211e-03
3.837292315438389778e-03
2.833674661815166473e-03
2.452410757541656494e-03
1.509660505689680576e-03
4.959283862262964249e-03
3.271513851359486580e-03
1.765302941203117371e-02
3.803641069680452347e-03
3.190914168953895569e-03
7.098650094121694565e-03
5.389605183154344559e-03
6.076192948967218399e-03
6.190520711243152618e-03
2.668939996510744095e-03
5.150110926479101181e-03
2.370619913563132286e-03
8.844054304063320160e-03
3.730267053470015526e-03
8.984762243926525116e-03
2.005561953410506248e-03
4.363054409623146057e-03
3.126277122646570206e-03
1.480612671002745628e-03
2.905160654336214066e-03
3.253206610679626465e-03
2.028802642598748207e-03
1.551370834931731224e-03
5.341264884918928146e-03
2.783339237794280052e-03
5.389180500060319901e-03
3.027454018592834473e-03
3.392212092876434326e-03
1.379679655656218529e-03
2.993320580571889877e-03
1.009049941785633564e-03
4.253281746059656143e-03
1.814108225516974926e-03
2.198927337303757668e-03
3.363501746207475662e-03
1.444108318537473679e-03
1.818729913793504238e-03
4.849526099860668182e-03
2.330822171643376350e-03
2.225352451205253601e-03
6.294941063970327377e-03
4.411693662405014038e-03
1.272124354727566242e-03
2.362704603001475334e-03
1.835130038671195507e-03
2.251549623906612396e-03
1.751589006744325161e-03
1.160470303148031235e-03
2.257876796647906303e-03
2.524735173210501671e-03
2.809316385537385941e-03
2.624393440783023834e-03
3.694671904668211937e-03
5.320325028151273727e-03
3.195147262886166573e-03
3.104894189164042473e-03
4.953087773174047470e-03
1.060188515111804008e-03
3.349029691889882088e-03
1.638062880374491215e-03
1.525079482235014439e-03
2.829532837495207787e-03
1.086227479390799999e-03
6.377234589308500290e-03
1.890183426439762115e-03
8.548929472453892231e-04
4.785442724823951721e-03
1.744765788316726685e-03
2.473974833264946938e-03
2.790779341012239456e-03
2.406523330137133598e-03
4.897938575595617294e-03
6.816527340561151505e-03
2.009865595027804375e-03
1.272009802050888538e-03
2.045550849288702011e-03
1.851220848038792610e-03
2.095061354339122772e-03
1.310365973040461540e-03
4.775477573275566101e-03
2.167700789868831635e-03
1.561664277687668800e-03
1.113401819020509720e-02
1.550282584503293037e-03
2.341119805350899696e-03
7.977200672030448914e-03
2.781755058094859123e-03
2.773040905594825745e-03
4.341676365584135056e-03
3.852978115901350975e-03
3.130969824269413948e-03
3.618853865191340446e-03
1.018367009237408638e-03
2.293110592290759087e-03
1.290666987188160419e-03
1.135718426667153835e-03
2.263677073642611504e-03
1.043762196786701679e-03
9.742385009303689003e-04
1.054201158694922924e-03
1.089486875571310520e-03
1.360782305710017681e-03
1.462319749407470226e-03
1.361712347716093063e-03
1.143689034506678581e-03
3.328412771224975586e-03
7.425023941323161125e-04
9.100738097913563251e-04
2.048492198809981346e-03
1.772383460775017738e-03
3.117957850918173790e-03
6.881071603856980801e-04
1.570314052514731884e-03
2.041088650003075600e-03
4.169851075857877731e-03
2.094262745231389999e-03
2.044811379164457321e-03
1.058159512467682362e-03
2.348157577216625214e-03
1.474290620535612106e-03
8.868814329616725445e-04
7.127396529540419579e-04
5.470101023092865944e-04
7.873745053075253963e-04
1.158525585196912289e-03
1.756293582729995251e-03
1.453886623494327068e-03
1.027056365273892879e-03
2.384523861110210419e-03
6.857721600681543350e-03
3.331191139295697212e-03
1.902738818898797035e-03
7.346221245825290680e-03
1.142059732228517532e-02
1.942149247042834759e-03
6.525366334244608879e-04
2.346251858398318291e-03
2.610767493024468422e-03
1.763282576575875282e-03
6.312303245067596436e-03
6.631312426179647446e-03
1.082804868929088116e-03
3.639804897829890251e-03
1.464518485590815544e-03
4.482651129364967346e-04
5.299550015479326248e-03
8.656260906718671322e-04
1.555967493914067745e-03
2.395598683506250381e-03
1.865086494944989681e-03
2.267485018819570541e-03
1.211286871694028378e-03
2.709943568333983421e-03
3.067365614697337151e-03
6.593529134988784790e-03
1.773334341123700142e-03
7.932232692837715149e-04
1.093301805667579174e-03
4.509208723902702332e-03
1.281432341784238815e-03
8.113416261039674282e-04
1.001710072159767151e-03
9.106305660679936409e-04
2.056676661595702171e-03
3.232083981856703758e-03
8.744876249693334103e-04
4.968359135091304779e-03
9.388868929818272591e-04
1.739975647069513798e-03
1.545693958178162575e-03
1.277624047361314297e-03
4.767378850374370813e-04
2.248403849080204964e-03
5.824805237352848053e-03
3.739080624654889107e-03
2.982956124469637871e-03
3.642901079729199409e-03
2.606549300253391266e-03
1.426960108801722527e-03
4.197885747998952866e-03
4.521015565842390060e-03
8.168288506567478180e-03
5.407786462455987930e-03
4.032769706100225449e-03
7.462551584467291832e-04
2.044298220425844193e-03
1.015173620544373989e-03
7.776921149343252182e-03
3.797280369326472282e-03
5.702230613678693771e-03
2.024324843659996986e-03
