2.310055941343307495e-01
2.294096231460571289e+00
2.272991657257080078e+00
2.250239849090576172e+00
2.108201265335083008e+00
2.008337974548339844e+00
1.859168887138366699e+00
1.656176209449768066e+00
1.456569194793701172e+00
1.297183871269226074e+00
1.131556034088134766e+00
1.077838420867919922e+00
9.182879328727722168e-01
8.341994285583496094e-01
7.447354197502136230e-01
7.163216471672058105e-01
6.675549745559692383e-01
6.668663024902343750e-01
6.007469892501831055e-01
5.868998169898986816e-01
5.735858678817749023e-01
5.781707167625427246e-01
5.487923026084899902e-01
5.388489961624145508e-01
5.361360311508178711e-01
5.344295501708984375e-01
5.107395052909851074e-01
4.407067894935607910e-01
5.190554261207580566e-01
4.603154659271240234e-01
4.835300147533416748e-01
3.987602889537811279e-01
4.375486075878143311e-01
3.858909606933593750e-01
4.272590279579162598e-01
4.667132496833801270e-01
5.087258815765380859e-01
4.099255502223968506e-01
4.290665686130523682e-01
4.004954993724822998e-01
3.616657853126525879e-01
3.393103778362274170e-01
3.648951351642608643e-01
3.350960612297058105e-01
3.231226503849029541e-01
3.151957392692565918e-01
3.220504224300384521e-01
3.446813523769378662e-01
3.429022729396820068e-01
3.188798427581787109e-01
3.494082689285278320e-01
3.031437695026397705e-01
3.192348778247833252e-01
2.915842831134796143e-01
3.236105442047119141e-01
3.387983143329620361e-01
3.356608152389526367e-01
3.114828467369079590e-01
2.448847144842147827e-01
2.937628030776977539e-01
2.591120004653930664e-01
2.641368806362152100e-01
2.684406042098999023e-01
2.678495049476623535e-01
2.448187321424484253e-01
2.514860928058624268e-01
2.789525985717773438e-01
2.444066554307937622e-01
2.872262895107269287e-01
2.891074419021606445e-01
2.279505282640457153e-01
2.634969651699066162e-01
2.192395031452178955e-01
2.059419155120849609e-01
2.612514495849609375e-01
2.145503610372543335e-01
2.288144677877426147e-01
2.353783100843429565e-01
2.361716479063034058e-01
2.150756120681762695e-01
2.141695469617843628e-01
2.628298401832580566e-01
2.299192398786544800e-01
2.347497940063476562e-01
2.216358035802841187e-01
2.052024602890014648e-01
2.331416457891464233e-01
2.382657080888748169e-01
1.920896172523498535e-01
2.044655382633209229e-01
2.386026829481124878e-01
2.146857082843780518e-01
2.023088037967681885e-01
2.167678624391555786e-01
1.973087638616561890e-01
1.803239732980728149e-01
2.198359817266464233e-01
1.653515547513961792e-01
1.761673390865325928e-01
1.900413185358047485e-01
1.667708009481430054e-01
2.253235578536987305e-01
1.779718399047851562e-01
2.320317476987838745e-01
2.254794836044311523e-01
2.155838459730148315e-01
2.239818423986434937e-01
2.283224165439605713e-01
1.889746636152267456e-01
1.809736490249633789e-01
1.423296779394149780e-01
1.662794798612594604e-01
1.569675952196121216e-01
1.509871929883956909e-01
1.824525892734527588e-01
1.785537749528884888e-01
1.804599016904830933e-01
1.629677265882492065e-01
1.419870853424072266e-01
1.716042757034301758e-01
1.623523086309432983e-01
1.391354799270629883e-01
1.470921933650970459e-01
1.729629188776016235e-01
2.103921622037887573e-01
1.684143990278244019e-01
1.672558486461639404e-01
1.515064686536788940e-01
1.428249031305313110e-01
1.331755369901657104e-01
1.588341742753982544e-01
1.648592948913574219e-01
1.654491275548934937e-01
1.501823961734771729e-01
1.211956292390823364e-01
1.129742190241813660e-01
1.578961461782455444e-01
1.533380448818206787e-01
1.293900460004806519e-01
1.485715210437774658e-01
1.709007471799850464e-01
1.357048153877258301e-01
1.392631679773330688e-01
1.514490395784378052e-01
1.645060628652572632e-01
1.370273977518081665e-01
1.408601850271224976e-01
1.320484131574630737e-01
1.252172887325286865e-01
1.474785506725311279e-01
1.397528499364852905e-01
1.374600827693939209e-01
1.409151852130889893e-01
1.216232404112815857e-01
1.431737840175628662e-01
1.340315490961074829e-01
1.653684526681900024e-01
1.222577095031738281e-01
1.895172148942947388e-01
1.300023049116134644e-01
1.551466435194015503e-01
1.147533878684043884e-01
1.313183605670928955e-01
1.134847998619079590e-01
1.175109297037124634e-01
1.116666719317436218e-01
1.179531440138816833e-01
1.170024052262306213e-01
1.469198912382125854e-01
1.155783757567405701e-01
1.448144763708114624e-01
1.406029909849166870e-01
1.222736239433288574e-01
1.400650143623352051e-01
1.412212103605270386e-01
1.278327554464340210e-01
1.201555356383323669e-01
1.282183974981307983e-01
1.015528962016105652e-01
9.135786443948745728e-02
1.173003241419792175e-01
9.252850711345672607e-02
1.199745908379554749e-01
1.036883518099784851e-01
1.010569706559181213e-01
1.173909679055213928e-01
1.426097601652145386e-01
1.308153122663497925e-01
1.063914299011230469e-01
1.132192537188529968e-01
1.013144254684448242e-01
1.044866964221000671e-01
1.216068491339683533e-01
1.268553584814071655e-01
1.242280825972557068e-01
1.113827154040336609e-01
8.309907466173171997e-02
9.567188471555709839e-02
1.157827004790306091e-01
1.485528647899627686e-01
1.142588034272193909e-01
1.158140078186988831e-01
1.037577539682388306e-01
1.089591905474662781e-01
1.107925772666931152e-01
9.971512109041213989e-02
9.335121512413024902e-02
1.060259565711021423e-01
1.159337162971496582e-01
9.397988021373748779e-02
1.138232126832008362e-01
1.066327020525932312e-01
7.817947864532470703e-02
1.219917684793472290e-01
1.020658388733863831e-01
8.979009836912155151e-02
1.043210998177528381e-01
1.254824995994567871e-01
1.047756224870681763e-01
9.236070513725280762e-02
8.873944729566574097e-02
1.054993048310279846e-01
1.066921576857566833e-01
1.169955730438232422e-01
1.086166054010391235e-01
9.909765422344207764e-02
1.039794608950614929e-01
9.977754205465316772e-02
1.050233244895935059e-01
8.477061241865158081e-02
8.628799021244049072e-02
9.654649347066879272e-02
8.008598536252975464e-02
9.618996083736419678e-02
8.602833747863769531e-02
9.608861058950424194e-02
9.060457348823547363e-02
8.126696944236755371e-02
8.820121735334396362e-02
9.337276965379714966e-02
1.410686820745468140e-01
8.684950321912765503e-02
9.101465344429016113e-02
9.790898859500885010e-02
9.618001431226730347e-02
8.331874012947082520e-02
7.564114779233932495e-02
9.717487543821334839e-02
7.839047908782958984e-02
1.050013452768325806e-01
1.282909661531448364e-01
9.839693456888198853e-02
7.273545116186141968e-02
1.050759106874465942e-01
7.480106502771377563e-02
1.373790651559829712e-01
7.993786036968231201e-02
9.973713010549545288e-02
8.010908216238021851e-02
9.953109920024871826e-02
9.710136801004409790e-02
9.890295565128326416e-02
1.398950964212417603e-01
1.038808003067970276e-01
9.001831710338592529e-02
1.027277857065200806e-01
1.001428738236427307e-01
9.651585668325424194e-02
9.961256384849548340e-02
7.317220419645309448e-02
8.545970916748046875e-02
8.991005271673202515e-02
8.591396361589431763e-02
1.061145216226577759e-01
7.015149295330047607e-02
8.751537650823593140e-02
9.032589197158813477e-02
1.042963489890098572e-01
9.531113505363464355e-02
8.857974410057067871e-02
9.276842325925827026e-02
8.392930030822753906e-02
8.676616102457046509e-02
1.047280356287956238e-01
9.052599221467971802e-02
8.175074309110641479e-02
7.408785074949264526e-02
1.177805811166763306e-01
7.524140924215316772e-02
6.486155837774276733e-02
8.641093224287033081e-02
7.444803416728973389e-02
9.292574226856231689e-02
9.855110198259353638e-02
7.797779887914657593e-02
8.151849359273910522e-02
9.679367393255233765e-02
1.032135412096977234e-01
8.041625469923019409e-02
8.068704605102539062e-02
8.151131868362426758e-02
8.311795443296432495e-02
6.189075857400894165e-02
8.886435627937316895e-02
6.697724014520645142e-02
8.876740187406539917e-02
8.734977990388870239e-02
7.868140935897827148e-02
8.320787549018859863e-02
8.212599158287048340e-02
5.170495435595512390e-02
9.241542220115661621e-02
8.830568194389343262e-02
5.884210392832756042e-02
9.870368987321853638e-02
1.121012568473815918e-01
9.694471210241317749e-02
9.943845868110656738e-02
8.729995042085647583e-02
7.665139436721801758e-02
6.466927379369735718e-02
7.055289298295974731e-02
1.003738194704055786e-01
6.543700397014617920e-02
8.069102466106414795e-02
1.103485450148582458e-01
7.029738277196884155e-02
8.465409278869628906e-02
6.854573637247085571e-02
4.966556653380393982e-02
6.843941658735275269e-02
7.559247314929962158e-02
8.335816115140914917e-02
6.717645376920700073e-02
7.375095784664154053e-02
9.406194835901260376e-02
9.451872855424880981e-02
9.980820864439010620e-02
1.094319745898246765e-01
7.229848951101303101e-02
1.068573221564292908e-01
7.300180941820144653e-02
6.877586245536804199e-02
8.247064799070358276e-02
7.212700694799423218e-02
6.968226283788681030e-02
7.473374158143997192e-02
6.847047805786132812e-02
9.215278923511505127e-02
6.393461674451828003e-02
6.859232485294342041e-02
8.191680908203125000e-02
5.454073101282119751e-02
5.794024094939231873e-02
5.568827316164970398e-02
6.122337654232978821e-02
7.597063481807708740e-02
5.641338229179382324e-02
7.594602555036544800e-02
6.003968790173530579e-02
7.103553414344787598e-02
6.081358343362808228e-02
6.727603077888488770e-02
7.381211966276168823e-02
7.695316523313522339e-02
5.875041708350181580e-02
5.993530154228210449e-02
8.962856978178024292e-02
7.809251546859741211e-02
9.794402122497558594e-02
9.427482634782791138e-02
8.929342776536941528e-02
8.670074492692947388e-02
8.722712844610214233e-02
7.054793089628219604e-02
8.434700220823287964e-02
7.022134959697723389e-02
7.496459037065505981e-02
6.825011968612670898e-02
4.612963274121284485e-02
5.913633108139038086e-02
6.308228522539138794e-02
7.124924659729003906e-02
1.060323715209960938e-01
7.771763205528259277e-02
6.876417249441146851e-02
1.054365634918212891e-01
9.947381168603897095e-02
8.914908766746520996e-02
6.498174369335174561e-02
6.407833099365234375e-02
8.262111991643905640e-02
5.006390437483787537e-02
7.997795194387435913e-02
5.101680383086204529e-02
5.830479413270950317e-02
7.703652232885360718e-02
8.979930728673934937e-02
6.501421332359313965e-02
8.550070971250534058e-02
6.904631108045578003e-02
6.652601063251495361e-02
4.713338986039161682e-02
7.480322569608688354e-02
6.164729222655296326e-02
8.291049301624298096e-02
8.212987333536148071e-02
8.013825863599777222e-02
5.210606008768081665e-02
5.309201404452323914e-02
7.750233262777328491e-02
6.843945384025573730e-02
6.031504273414611816e-02
6.248781830072402954e-02
5.792690068483352661e-02
6.283375620841979980e-02
6.618819385766983032e-02
7.291483879089355469e-02
8.582642674446105957e-02
8.045994490385055542e-02
9.422853589057922363e-02
8.074104040861129761e-02
7.284656167030334473e-02
5.449638888239860535e-02
5.613965541124343872e-02
6.180572137236595154e-02
5.200234800577163696e-02
7.191026955842971802e-02
4.049948230385780334e-02
5.413086339831352234e-02
8.048329502344131470e-02
7.731961458921432495e-02
6.913837790489196777e-02
7.217495888471603394e-02
6.505688279867172241e-02
8.341524004936218262e-02
7.737170904874801636e-02
7.822515070438385010e-02
5.966065451502799988e-02
5.731305107474327087e-02
4.983839765191078186e-02
5.829458311200141907e-02
4.182710871100425720e-02
4.509744793176651001e-02
4.006085544824600220e-02
4.803175851702690125e-02
4.956314712762832642e-02
5.045520141720771790e-02
4.595340043306350708e-02
6.901725381612777710e-02
4.976957663893699646e-02
5.700805783271789551e-02
6.631385535001754761e-02
7.388386130332946777e-02
5.606294795870780945e-02
6.332529336214065552e-02
5.809929966926574707e-02
5.500171706080436707e-02
5.334192141890525818e-02
6.670448929071426392e-02
9.112667292356491089e-02
8.341486006975173950e-02
5.149884149432182312e-02
6.344433873891830444e-02
4.771807789802551270e-02
5.829301103949546814e-02
6.063052639365196228e-02
4.768549650907516479e-02
5.583059415221214294e-02
6.307458132505416870e-02
5.156114324927330017e-02
7.336413115262985229e-02
4.655127599835395813e-02
5.457339435815811157e-02
3.483075276017189026e-02
5.306742712855339050e-02
3.717320784926414490e-02
5.683812126517295837e-02
5.997961759567260742e-02
4.632734879851341248e-02
7.406352460384368896e-02
6.588104367256164551e-02
6.671284884214401245e-02
9.237435460090637207e-02
5.117016658186912537e-02
6.275712698698043823e-02
5.468810722231864929e-02
5.753532052040100098e-02
5.960187315940856934e-02
5.453393980860710144e-02
5.365638807415962219e-02
4.975355416536331177e-02
5.110000446438789368e-02
4.690737649798393250e-02
6.312801688909530640e-02
6.892266124486923218e-02
4.728918895125389099e-02
5.531105399131774902e-02
8.822121471166610718e-02
6.730039417743682861e-02
7.486539334058761597e-02
6.168410927057266235e-02
4.697157070040702820e-02
6.900896877050399780e-02
5.372754484415054321e-02
4.924197122454643250e-02
7.596804201602935791e-02
6.375512480735778809e-02
4.536991938948631287e-02
4.555680602788925171e-02
6.627332419157028198e-02
5.729617550969123840e-02
5.045121535658836365e-02
4.821518063545227051e-02
6.206949427723884583e-02
4.660142958164215088e-02
5.507286265492439270e-02
7.551968097686767578e-02
3.572284802794456482e-02
6.544862687587738037e-02
6.496670842170715332e-02
4.936243221163749695e-02
4.071902856230735779e-02
6.019200757145881653e-02
5.339042469859123230e-02
7.221654802560806274e-02
4.929818958044052124e-02
5.468479916453361511e-02
4.658363759517669678e-02
4.447930678725242615e-02
5.071068555116653442e-02
3.969249874353408813e-02
7.320209592580795288e-02
4.979177191853523254e-02
3.380434960126876831e-02
4.289990290999412537e-02
6.202674657106399536e-02
7.489485293626785278e-02
7.312744110822677612e-02
7.005637884140014648e-02
5.015609785914421082e-02
5.004516243934631348e-02
6.963454931974411011e-02
4.354205727577209473e-02
5.628994852304458618e-02
7.871431857347488403e-02
4.217663407325744629e-02
3.859332576394081116e-02
6.365638226270675659e-02
5.827266722917556763e-02
4.339733347296714783e-02
6.823179125785827637e-02
3.770582377910614014e-02
4.257641732692718506e-02
3.575959429144859314e-02
4.455562308430671692e-02
4.126582667231559753e-02
6.428451091051101685e-02
5.179175734519958496e-02
3.562115132808685303e-02
5.689708143472671509e-02
4.022195190191268921e-02
4.440258070826530457e-02
5.381117016077041626e-02
4.949894919991493225e-02
4.481096193194389343e-02
5.581707879900932312e-02
5.469626933336257935e-02
6.790933012962341309e-02
4.537101835012435913e-02
4.132132604718208313e-02
3.499208390712738037e-02
6.420316547155380249e-02
3.998098894953727722e-02
5.386322364211082458e-02
6.543131172657012939e-02
3.993539512157440186e-02
5.197612568736076355e-02
4.449200257658958435e-02
4.328338801860809326e-02
4.888805001974105835e-02
4.236164689064025879e-02
4.259772226214408875e-02
4.675859585404396057e-02
4.714497178792953491e-02
4.421112686395645142e-02
7.624795287847518921e-02
7.572361081838607788e-02
7.507650554180145264e-02
6.476491689682006836e-02
4.794263839721679688e-02
4.725367203354835510e-02
4.257129877805709839e-02
4.662073776125907898e-02
8.408606797456741333e-02
5.428890511393547058e-02
6.092529371380805969e-02
6.277672946453094482e-02
5.743679404258728027e-02
4.617392644286155701e-02
4.382574185729026794e-02
5.433550477027893066e-02
6.674481928348541260e-02
3.667419403791427612e-02
5.699231103062629700e-02
5.366290360689163208e-02
4.008016362786293030e-02
5.225970968604087830e-02
4.515494033694267273e-02
4.751406610012054443e-02
3.634490817785263062e-02
4.723381623625755310e-02
4.228999838232994080e-02
4.291978105902671814e-02
4.865834489464759827e-02
5.930937081575393677e-02
5.371439084410667419e-02
3.832080960273742676e-02
3.564199432730674744e-02
5.133530497550964355e-02
8.949363976716995239e-02
4.744141176342964172e-02
3.713489323854446411e-02
4.070281609892845154e-02
5.012181028723716736e-02
5.252284556627273560e-02
6.403490900993347168e-02
4.830373078584671021e-02
4.162197932600975037e-02
3.879060968756675720e-02
3.889237344264984131e-02
3.781242296099662781e-02
4.831026121973991394e-02
5.048562213778495789e-02
3.048276714980602264e-02
5.227429792284965515e-02
5.199108645319938660e-02
3.840012475848197937e-02
3.712725266814231873e-02
4.557419940829277039e-02
4.285747930407524109e-02
4.919555038213729858e-02
6.755658984184265137e-02
5.479563400149345398e-02
3.968613967299461365e-02
6.778705120086669922e-02
5.690240859985351562e-02
4.892436787486076355e-02
6.700276583433151245e-02
3.449781984090805054e-02
5.939111858606338501e-02
3.544747456908226013e-02
5.103451013565063477e-02
5.022124201059341431e-02
6.094765290617942810e-02
6.050979718565940857e-02
5.471860989928245544e-02
5.168330296874046326e-02
4.196250066161155701e-02
3.635856136679649353e-02
3.821619972586631775e-02
3.836807981133460999e-02
5.426906421780586243e-02
3.441030159592628479e-02
4.915684089064598083e-02
4.582714289426803589e-02
4.032995551824569702e-02
4.164636135101318359e-02
2.922216989099979401e-02
4.446571692824363708e-02
7.244059443473815918e-02
5.291761830449104309e-02
5.294527485966682434e-02
5.287590622901916504e-02
4.881088063120841980e-02
3.339717164635658264e-02
4.270369932055473328e-02
5.096096917986869812e-02
3.657961264252662659e-02
5.885774642229080200e-02
5.188443139195442200e-02
3.437561914324760437e-02
2.951595559716224670e-02
4.016689956188201904e-02
4.097853228449821472e-02
2.658898569643497467e-02
2.542995288968086243e-02
3.518715873360633850e-02
4.095077514648437500e-02
4.508268088102340698e-02
4.278689250349998474e-02
4.393313080072402954e-02
5.597128346562385559e-02
4.994856938719749451e-02
4.611399397253990173e-02
4.305502027273178101e-02
5.923425778746604919e-02
5.512702092528343201e-02
5.663126707077026367e-02
4.420677945017814636e-02
3.973064944148063660e-02
4.346460476517677307e-02
4.461880400776863098e-02
4.827362671494483948e-02
2.684253454208374023e-02
4.671977460384368896e-02
2.962931059300899506e-02
5.232023820281028748e-02
4.914503172039985657e-02
4.883639514446258545e-02
5.571474507451057434e-02
3.880094736814498901e-02
3.263318166136741638e-02
3.790770098567008972e-02
4.966066777706146240e-02
2.781432867050170898e-02
4.408350959420204163e-02
2.360004931688308716e-02
4.059170931577682495e-02
2.820357680320739746e-02
5.309551954269409180e-02
5.563697963953018188e-02
4.597209021449089050e-02
3.706111758947372437e-02
5.243746563792228699e-02
4.363724216818809509e-02
5.669710040092468262e-02
2.491456083953380585e-02
3.215070068836212158e-02
3.283623978495597839e-02
3.622274100780487061e-02
4.023361951112747192e-02
4.046869277954101562e-02
3.130785003304481506e-02
6.581347435712814331e-02
5.364739522337913513e-02
4.623798653483390808e-02
3.878289088606834412e-02
3.324127942323684692e-02
5.583519488573074341e-02
3.589964285492897034e-02
4.067545011639595032e-02
4.629937186837196350e-02
5.078776553273200989e-02
5.016417428851127625e-02
5.321898683905601501e-02
4.288449510931968689e-02
5.465263873338699341e-02
4.618360847234725952e-02
3.518194332718849182e-02
3.814416751265525818e-02
1.504488755017518997e-02
3.072338178753852844e-02
5.362662672996520996e-02
3.711070492863655090e-02
4.542615637183189392e-02
4.350539296865463257e-02
3.057439066469669342e-02
4.369881749153137207e-02
3.294995799660682678e-02
4.414168372750282288e-02
4.130944237112998962e-02
1.928137056529521942e-02
4.548534378409385681e-02
3.221433609724044800e-02
2.913748286664485931e-02
4.005658254027366638e-02
4.398440569639205933e-02
4.045772552490234375e-02
5.364676937460899353e-02
3.595636785030364990e-02
4.196899756789207458e-02
5.002204701304435730e-02
4.030957818031311035e-02
3.524388745427131653e-02
3.781063109636306763e-02
3.203090652823448181e-02
3.180434554815292358e-02
2.857169881463050842e-02
6.229811534285545349e-02
7.612235099077224731e-02
4.436044394969940186e-02
7.912661880254745483e-02
4.980204999446868896e-02
4.804112762212753296e-02
4.501713439822196960e-02
3.088770620524883270e-02
3.366637229919433594e-02
4.826268926262855530e-02
5.302716419100761414e-02
5.784428864717483521e-02
5.797161534428596497e-02
6.007287651300430298e-02
5.706439167261123657e-02
3.706238791346549988e-02
4.075334221124649048e-02
4.254977032542228699e-02
4.865558072924613953e-02
3.875414654612541199e-02
5.444428324699401855e-02
3.398862853646278381e-02
3.350937366485595703e-02
2.368734218180179596e-02
3.616201877593994141e-02
3.026674687862396240e-02
2.931688539683818817e-02
4.334735125303268433e-02
2.834422700107097626e-02
2.355268411338329315e-02
2.724498882889747620e-02
3.276403620839118958e-02
4.366538673639297485e-02
3.529096767306327820e-02
4.273761063814163208e-02
3.363329544663429260e-02
4.056357592344284058e-02
3.520413860678672791e-02
1.842501573264598846e-02
3.309635445475578308e-02
3.218483179807662964e-02
2.736319974064826965e-02
3.399346396327018738e-02
4.586433619260787964e-02
4.740875586867332458e-02
3.629338741302490234e-02
5.332221463322639465e-02
4.224600642919540405e-02
3.302140906453132629e-02
3.650401532649993896e-02
3.697217255830764771e-02
3.207409009337425232e-02
3.354408591985702515e-02
4.129275307059288025e-02
4.235595092177391052e-02
3.770176321268081665e-02
2.892188541591167450e-02
5.481923371553421021e-02
5.548628792166709900e-02
5.526462942361831665e-02
3.037766180932521820e-02
2.629803679883480072e-02
2.945984341204166412e-02
4.241638258099555969e-02
3.396896272897720337e-02
2.806893363595008850e-02
3.712402284145355225e-02
4.123776778578758240e-02
3.671067580580711365e-02
3.024910204112529755e-02
2.947880327701568604e-02
2.747595123946666718e-02
4.121862351894378662e-02
4.069378972053527832e-02
3.100242279469966888e-02
3.393034636974334717e-02
4.737025126814842224e-02
2.130152285099029541e-02
2.779736556112766266e-02
3.654084727168083191e-02
4.713905602693557739e-02
2.968954853713512421e-02
4.257128760218620300e-02
3.775339946150779724e-02
3.669022396206855774e-02
4.326286539435386658e-02
3.223617747426033020e-02
3.230423852801322937e-02
2.898729778826236725e-02
2.294631488621234894e-02
2.289650030434131622e-02
2.480779960751533508e-02
2.954181842505931854e-02
3.998565301299095154e-02
4.779521003365516663e-02
2.068645134568214417e-02
2.730596624314785004e-02
4.646092280745506287e-02
3.599498048424720764e-02
3.785634040832519531e-02
4.924474284052848816e-02
4.788025468587875366e-02
3.475527837872505188e-02
2.428613044321537018e-02
3.060279227793216705e-02
3.263529017567634583e-02
1.937089674174785614e-02
3.169434890151023865e-02
3.512802347540855408e-02
6.820127367973327637e-02
2.719552256166934967e-02
4.756284505128860474e-02
4.398824274539947510e-02
2.071377448737621307e-02
3.083717636764049530e-02
4.358518123626708984e-02
4.445553943514823914e-02
2.499960176646709442e-02
4.271641746163368225e-02
3.259459137916564941e-02
2.564696967601776123e-02
2.996074594557285309e-02
3.017981164157390594e-02
6.093841791152954102e-02
5.064875632524490356e-02
7.572787255048751831e-02
4.035610333085060120e-02
3.036095760762691498e-02
5.053460225462913513e-02
3.233319148421287537e-02
2.979622781276702881e-02
2.714116685092449188e-02
3.312747552990913391e-02
3.406891599297523499e-02
3.866244107484817505e-02
4.924826696515083313e-02
2.457901649177074432e-02
2.752094902098178864e-02
3.479007259011268616e-02
4.168487340211868286e-02
2.812094427645206451e-02
3.063458204269409180e-02
4.257814958691596985e-02
4.744235053658485413e-02
3.681084141135215759e-02
4.874373972415924072e-02
4.759535565972328186e-02
4.045908153057098389e-02
4.068049043416976929e-02
3.140239417552947998e-02
4.757158458232879639e-02
2.712546288967132568e-02
1.934092491865158081e-02
3.585768863558769226e-02
4.472884163260459900e-02
3.876022621989250183e-02
3.589110076427459717e-02
2.231975086033344269e-02
3.088689781725406647e-02
2.787427976727485657e-02
3.927644714713096619e-02
3.145973011851310730e-02
3.830511122941970825e-02
3.724521026015281677e-02
3.533473983407020569e-02
2.848624624311923981e-02
3.469643741846084595e-02
4.251855239272117615e-02
3.720296546816825867e-02
4.912881180644035339e-02
3.366097807884216309e-02
4.311135038733482361e-02
2.421153709292411804e-02
3.540184721350669861e-02
2.054361067712306976e-02
3.149493783712387085e-02
2.220131270587444305e-02
2.309732697904109955e-02
2.140791527926921844e-02
2.574121393263339996e-02
4.012858867645263672e-02
2.477550320327281952e-02
4.484000056982040405e-02
2.743369154632091522e-02
2.100686356425285339e-02
3.005322813987731934e-02
3.977229446172714233e-02
2.918843924999237061e-02
4.120896011590957642e-02
2.903684787452220917e-02
1.597173325717449188e-02
2.426870353519916534e-02
2.517217956483364105e-02
4.051209613680839539e-02
3.443669900298118591e-02
1.778963766992092133e-02
3.245025873184204102e-02
4.015918448567390442e-02
3.123929165303707123e-02
3.662380576133728027e-02
3.641973808407783508e-02
2.196877077221870422e-02
3.455800935626029968e-02
3.227382525801658630e-02
4.191281646490097046e-02
2.592395804822444916e-02
2.674872614443302155e-02
2.873543836176395416e-02
4.132871329784393311e-02
2.660401724278926849e-02
1.540455687791109085e-02
5.753579735755920410e-02
4.756021499633789062e-02
4.390065744519233704e-02
2.255315892398357391e-02
2.437573485076427460e-02
1.969667151570320129e-02
3.462363407015800476e-02
2.076747827231884003e-02
5.238024145364761353e-02
3.077235631644725800e-02
