2.289795726537704468e-01
2.198583364486694336e+00
1.761932730674743652e+00
1.043848276138305664e+00
6.247298121452331543e-01
5.024293661117553711e-01
3.722133338451385498e-01
3.165639936923980713e-01
3.509413301944732666e-01
2.734265029430389404e-01
2.820495069026947021e-01
2.332797348499298096e-01
2.278826981782913208e-01
2.563621699810028076e-01
2.192384451627731323e-01
1.715292334556579590e-01
1.789357811212539673e-01
2.212174236774444580e-01
1.637284308671951294e-01
1.661377251148223877e-01
1.696628779172897339e-01
1.220958158373832703e-01
1.422757953405380249e-01
1.101746484637260437e-01
1.253638118505477905e-01
1.478392332792282104e-01
1.288665533065795898e-01
1.285618990659713745e-01
1.248117834329605103e-01
8.164288103580474854e-02
8.803158253431320190e-02
9.900202602148056030e-02
9.836434572935104370e-02
1.117287650704383850e-01
8.412148058414459229e-02
7.487585395574569702e-02
6.182785704731941223e-02
1.086792349815368652e-01
8.999773859977722168e-02
6.176087260246276855e-02
6.592629849910736084e-02
8.838820457458496094e-02
6.644175946712493896e-02
5.748143792152404785e-02
8.154397457838058472e-02
5.969867855310440063e-02
7.649999111890792847e-02
7.246393710374832153e-02
6.765315681695938110e-02
6.340538710355758667e-02
6.309371441602706909e-02
7.140865176916122437e-02
7.385393977165222168e-02
5.300796777009963989e-02
4.038660600781440735e-02
6.196985766291618347e-02
4.713099822402000427e-02
5.571489408612251282e-02
5.369281396269798279e-02
5.251831933856010437e-02
4.980866611003875732e-02
3.227445855736732483e-02
4.838069900870323181e-02
3.480815514922142029e-02
4.969050735235214233e-02
5.332320928573608398e-02
5.817829445004463196e-02
5.559593066573143005e-02
4.411318153142929077e-02
4.946625977754592896e-02
4.798644408583641052e-02
4.368622228503227234e-02
4.486391320824623108e-02
4.084287583827972412e-02
3.960630670189857483e-02
3.491279855370521545e-02
3.103387914597988129e-02
4.337038099765777588e-02
3.581683337688446045e-02
3.147515654563903809e-02
4.361120238900184631e-02
3.786290064454078674e-02
4.575055465102195740e-02
4.881651327013969421e-02
4.038752615451812744e-02
4.238128289580345154e-02
4.228940978646278381e-02
3.895583003759384155e-02
3.646774217486381531e-02
3.820542991161346436e-02
2.768948674201965332e-02
5.557588860392570496e-02
4.520064219832420349e-02
2.196046151220798492e-02
2.233510091900825500e-02
3.816963359713554382e-02
4.228648915886878967e-02
5.728814005851745605e-02
6.114659458398818970e-02
3.812696784734725952e-02
2.938742004334926605e-02
3.589629754424095154e-02
3.190819546580314636e-02
2.441650629043579102e-02
3.268256410956382751e-02
2.917219512164592743e-02
2.668728493154048920e-02
3.733904659748077393e-02
2.290680818259716034e-02
2.627222612500190735e-02
2.825854159891605377e-02
2.357503026723861694e-02
3.631741926074028015e-02
2.624035812914371490e-02
2.340691350400447845e-02
2.214678376913070679e-02
3.796673938632011414e-02
2.418082579970359802e-02
4.055211320519447327e-02
3.014981560409069061e-02
2.874675765633583069e-02
4.796165600419044495e-02
3.408919274806976318e-02
2.534365467727184296e-02
1.688944920897483826e-02
2.330213412642478943e-02
2.324353717267513275e-02
2.059650421142578125e-02
2.820458449423313141e-02
2.365180663764476776e-02
2.305319719016551971e-02
2.156491763889789581e-02
3.042590431869029999e-02
3.016640804708003998e-02
1.740215532481670380e-02
2.019398473203182220e-02
2.677117660641670227e-02
4.254859313368797302e-02
2.637413702905178070e-02
2.531727217137813568e-02
1.978581212460994720e-02
2.679891325533390045e-02
2.870197594165802002e-02
1.768154464662075043e-02
2.889152243733406067e-02
2.422304637730121613e-02
2.040271274745464325e-02
3.027481772005558014e-02
2.836464904248714447e-02
2.286725491285324097e-02
1.953561417758464813e-02
1.905107870697975159e-02
1.296579279005527496e-02
1.919181831181049347e-02
1.842046156525611877e-02
1.909638196229934692e-02
2.140143699944019318e-02
2.180091105401515961e-02
2.073102258145809174e-02
1.792400144040584564e-02
2.184666693210601807e-02
2.756519988179206848e-02
2.369204722344875336e-02
2.464276924729347229e-02
1.589105091989040375e-02
3.242463991045951843e-02
2.015818469226360321e-02
2.442483231425285339e-02
1.926010102033615112e-02
2.710667625069618225e-02
1.534926611930131912e-02
2.012882195413112640e-02
1.892036385834217072e-02
2.178475819528102875e-02
1.680084504187107086e-02
1.839622296392917633e-02
1.861960440874099731e-02
2.835845761001110077e-02
2.245420962572097778e-02
2.065400220453739166e-02
1.294666063040494919e-02
1.541145797818899155e-02
1.799721084535121918e-02
1.981131173670291901e-02
1.694643124938011169e-02
1.494178455322980881e-02
1.357494201511144638e-02
3.337087482213973999e-02
1.477787643671035767e-02
2.016752585768699646e-02
1.363721396774053574e-02
2.990640141069889069e-02
3.131077811121940613e-02
1.656136102974414825e-02
1.401408202946186066e-02
1.715063862502574921e-02
3.451610729098320007e-02
1.945193856954574585e-02
2.069048956036567688e-02
1.438795775175094604e-02
2.491243742406368256e-02
2.216014824807643890e-02
1.931985467672348022e-02
1.710595935583114624e-02
1.601630076766014099e-02
1.450054533779621124e-02
2.281459607183933258e-02
2.216973714530467987e-02
2.373420260846614838e-02
1.259978022426366806e-02
1.802547834813594818e-02
2.218368835747241974e-02
1.852563023567199707e-02
2.311486564576625824e-02
1.468137372285127640e-02
1.454366929829120636e-02
3.429274633526802063e-02
3.483133018016815186e-02
2.157546393573284149e-02
1.904271356761455536e-02
2.946277335286140442e-02
2.412197925150394440e-02
2.342851646244525909e-02
1.757753454148769379e-02
9.857019409537315369e-03
1.476841699331998825e-02
1.365701109170913696e-02
2.197524160146713257e-02
1.859062165021896362e-02
2.751209400594234467e-02
1.506512053310871124e-02
1.499882526695728302e-02
2.293302118778228760e-02
2.383139543235301971e-02
1.512682344764471054e-02
1.279660779982805252e-02
3.429233655333518982e-02
1.407647877931594849e-02
1.298565138131380081e-02
1.752073504030704498e-02
1.711646467447280884e-02
1.428031176328659058e-02
3.203752636909484863e-02
2.699195779860019684e-02
2.073015086352825165e-02
1.334760617464780807e-02
2.361380122601985931e-02
1.691577956080436707e-02
1.446047611534595490e-02
1.111916825175285339e-02
1.743713021278381348e-02
1.600739918649196625e-02
1.743455044925212860e-02
1.908590085804462433e-02
1.187205687165260315e-02
1.393986772745847702e-02
1.612418703734874725e-02
1.570346578955650330e-02
1.312933862209320068e-02
1.089994329959154129e-02
1.373750995844602585e-02
1.289433427155017853e-02
1.899486593902111053e-02
1.654171384871006012e-02
1.172948442399501801e-02
1.110315695405006409e-02
1.192163955420255661e-02
1.491034496575593948e-02
1.749797537922859192e-02
1.435664203017950058e-02
1.664705201983451843e-02
1.665712147951126099e-02
1.756791397929191589e-02
1.322047598659992218e-02
1.241752319037914276e-02
1.240641530603170395e-02
8.913639001548290253e-03
2.712375484406948090e-02
1.499448716640472412e-02
1.105862483382225037e-02
1.151073724031448364e-02
1.257553230971097946e-02
1.392767298966646194e-02
1.429090648889541626e-02
1.343277376145124435e-02
1.552843488752841949e-02
1.108803320676088333e-02
8.226034231483936310e-03
7.031553890556097031e-03
1.061370316892862320e-02
1.494963746517896652e-02
1.450600661337375641e-02
7.991879247128963470e-03
9.677409194409847260e-03
1.318796724081039429e-02
1.337236445397138596e-02
1.027751713991165161e-02
1.588889770209789276e-02
8.462946861982345581e-03
1.382455509155988693e-02
1.701811514794826508e-02
8.164714090526103973e-03
4.648811649531126022e-03
9.331081993877887726e-03
1.405580528080463409e-02
1.143882330507040024e-02
1.017113309353590012e-02
1.302724238485097885e-02
1.034794095903635025e-02
9.030735120177268982e-03
5.445355083793401718e-03
5.615931935608386993e-03
7.052126806229352951e-03
8.861395530402660370e-03
1.979831419885158539e-02
1.169995218515396118e-02
1.403141673654317856e-02
1.066781301051378250e-02
6.115891505032777786e-03
1.171568315476179123e-02
1.067936420440673828e-02
5.856365896761417389e-03
6.117385812103748322e-03
8.358739316463470459e-03
5.976373795419931412e-03
7.897642441093921661e-03
1.004534773528575897e-02
2.199653349816799164e-02
1.024753414094448090e-02
1.176059618592262268e-02
6.886828690767288208e-03
1.360454130917787552e-02
5.437409505248069763e-03
1.456174720078706741e-02
1.319097634404897690e-02
1.260535605251789093e-02
1.233810558915138245e-02
1.194133143872022629e-02
1.090798992663621902e-02
8.215870708227157593e-03
7.139742374420166016e-03
1.778754964470863342e-02
7.952644489705562592e-03
8.362177759408950806e-03
6.018991116434335709e-03
1.057673897594213486e-02
1.550044305622577667e-02
8.682419545948505402e-03
5.781156476587057114e-03
7.936834357678890228e-03
7.931977510452270508e-03
6.735456176102161407e-03
6.894209887832403183e-03
6.100388243794441223e-03
9.865461848676204681e-03
6.521773524582386017e-03
9.951018728315830231e-03
7.172734476625919342e-03
6.794868502765893936e-03
1.229454856365919113e-02
8.944244123995304108e-03
1.026575919240713120e-02
1.319244783371686935e-02
1.395448297262191772e-02
6.889196578413248062e-03
7.116430439054965973e-03
1.012871880084276199e-02
9.767564944922924042e-03
5.679780151695013046e-03
1.258384156972169876e-02
1.042909268289804459e-02
2.148342132568359375e-02
9.942128323018550873e-03
8.313344791531562805e-03
5.410036072134971619e-03
7.432279177010059357e-03
1.190550159662961960e-02
7.713846396654844284e-03
7.027250714600086212e-03
1.537810731679201126e-02
5.537966731935739517e-03
7.629655301570892334e-03
1.587204635143280029e-02
1.044822577387094498e-02
4.814472515136003494e-03
7.952590472996234894e-03
7.481070701032876968e-03
8.663072250783443451e-03
5.649755243211984634e-03
5.658093839883804321e-03
7.687763310968875885e-03
1.462038885802030563e-02
1.359952893108129501e-02
8.630990050733089447e-03
6.161177996546030045e-03
8.452944457530975342e-03
7.943545468151569366e-03
1.464768778532743454e-02
8.192135021090507507e-03
7.963321171700954437e-03
8.507120423018932343e-03
7.325969636440277100e-03
6.706705782562494278e-03
1.016663666814565659e-02
1.060979533940553665e-02
8.417068049311637878e-03
5.648005753755569458e-03
5.555988289415836334e-03
4.667025059461593628e-03
3.945492673665285110e-03
9.008653461933135986e-03
1.319731492549180984e-02
6.996222771704196930e-03
4.958728328347206116e-03
8.477970026433467865e-03
6.331884302198886871e-03
8.537168614566326141e-03
5.694275256246328354e-03
4.828931298106908798e-03
1.122398767620325089e-02
9.852695278823375702e-03
9.449547156691551208e-03
1.097519975155591965e-02
5.549450870603322983e-03
5.436253268271684647e-03
8.225846104323863983e-03
6.990275811403989792e-03
5.124274175614118576e-03
5.043459590524435043e-03
7.225992623716592789e-03
7.784561254084110260e-03
1.143030449748039246e-02
9.845733642578125000e-03
4.511609207838773727e-03
7.899279706180095673e-03
9.038161486387252808e-03
1.442067045718431473e-02
8.080073632299900055e-03
6.213545799255371094e-03
5.722898524254560471e-03
7.830253802239894867e-03
1.052044611424207687e-02
1.366428565233945847e-02
1.413504779338836670e-02
1.124395057559013367e-02
5.242952611297369003e-03
7.788801100105047226e-03
5.755666643381118774e-03
6.736633833497762680e-03
4.724449478089809418e-03
4.118588753044605255e-03
9.155186824500560760e-03
7.803756278008222580e-03
4.639534279704093933e-03
1.340720988810062408e-02
1.894114539027214050e-02
1.185692753642797470e-02
9.701582603156566620e-03
1.061200909316539764e-02
6.903530098497867584e-03
6.384799722582101822e-03
6.350231822580099106e-03
2.460828237235546112e-02
1.305326074361801147e-02
7.575245108455419540e-03
1.561558898538351059e-02
9.422653354704380035e-03
7.187710143625736237e-03
1.645300351083278656e-02
1.285054255276918411e-02
8.754529990255832672e-03
1.062565390020608902e-02
8.301940746605396271e-03
8.152759633958339691e-03
6.377091165632009506e-03
5.983520299196243286e-03
8.971787989139556885e-03
1.022130437195301056e-02
7.709506899118423462e-03
6.270559038966894150e-03
5.603022407740354538e-03
7.067917380481958389e-03
6.269663106650114059e-03
6.449007429182529449e-03
6.753083318471908569e-03
4.858408588916063309e-03
5.227872636169195175e-03
7.894410751760005951e-03
8.601313456892967224e-03
3.844588762149214745e-03
1.005334407091140747e-02
1.174718700349330902e-02
5.966474767774343491e-03
5.878872703760862350e-03
5.543846171349287033e-03
5.272329784929752350e-03
4.810240585356950760e-03
5.743564572185277939e-03
6.973204202950000763e-03
5.426506046205759048e-03
5.280114244669675827e-03
1.894651912152767181e-02
4.201055504381656647e-03
3.942260984331369400e-03
8.358932100236415863e-03
3.814487485215067863e-03
7.562743965536355972e-03
4.024529829621315002e-03
7.848866283893585205e-03
4.932558629661798477e-03
3.756008343771100044e-03
1.055650971829891205e-02
4.304877016693353653e-03
4.996789619326591492e-03
4.657059442251920700e-03
4.352224525064229965e-03
4.450998734682798386e-03
3.703142050653696060e-03
9.076005779206752777e-03
5.105849821120500565e-03
3.948586061596870422e-03
6.770046893507242203e-03
7.023298647254705429e-03
3.786079352721571922e-03
4.846367519348859787e-03
5.887658800929784775e-03
5.215710029006004333e-03
7.700214628130197525e-03
5.486157257109880447e-03
4.010956734418869019e-03
4.118519835174083710e-03
8.239029906690120697e-03
4.879359155893325806e-03
4.138076212257146835e-03
5.873948335647583008e-03
5.233257543295621872e-03
5.417288746684789658e-03
4.992438014596700668e-03
5.512470845133066177e-03
4.191185813397169113e-03
6.520550698041915894e-03
4.888034891337156296e-03
1.926703006029129028e-02
4.078530240803956985e-03
6.852090358734130859e-03
6.856001913547515869e-03
8.365940302610397339e-03
2.113705687224864960e-02
7.252588868141174316e-03
4.303280729800462723e-03
6.051152013242244720e-03
6.860068533569574356e-03
4.502913448959589005e-03
5.615153815597295761e-03
5.698259454220533371e-03
3.966435324400663376e-03
6.230657454580068588e-03
4.547592718154191971e-03
7.626425474882125854e-03
9.331744164228439331e-03
1.412896998226642609e-02
1.097552943974733353e-02
4.474154207855463028e-03
7.377895060926675797e-03
4.510419908910989761e-03
8.012196980416774750e-03
3.796609118580818176e-03
5.983945913612842560e-03
4.182118922472000122e-03
3.012544475495815277e-03
4.115089308470487595e-03
4.995737224817276001e-03
3.770826384425163269e-03
4.703017883002758026e-03
5.888291168957948685e-03
9.978855960071086884e-03
5.827258806675672531e-03
5.415067076683044434e-03
6.745459046214818954e-03
3.115272615104913712e-03
3.603189950808882713e-03
4.792600404471158981e-03
4.131346009671688080e-03
3.219505771994590759e-03
3.533066948875784874e-03
4.699560347944498062e-03
1.051040831953287125e-02
6.496274378150701523e-03
8.540445007383823395e-03
5.621769931167364120e-03
5.492254160344600677e-03
4.301720764487981796e-03
6.549667567014694214e-03
3.548092441633343697e-03
3.330835374072194099e-03
2.531473990529775620e-03
8.530138991773128510e-03
1.345837302505970001e-02
5.824479274451732635e-03
3.926244098693132401e-03
4.885267931967973709e-03
6.345137488096952438e-03
8.520489558577537537e-03
6.063038948923349380e-03
3.692732425406575203e-03
3.477071179077029228e-03
8.841047063469886780e-03
9.708839468657970428e-03
4.560975823551416397e-03
1.082411780953407288e-02
6.402052473276853561e-03
5.298903677612543106e-03
3.659856040030717850e-03
7.734994869679212570e-03
3.064478049054741859e-03
3.456059610471129417e-03
1.281001605093479156e-02
4.444162826985120773e-03
3.856513416394591331e-03
5.285296589136123657e-03
3.835809649899601936e-03
4.083996172994375229e-03
2.927676308900117874e-03
5.535718519240617752e-03
2.728622173890471458e-03
3.815025789663195610e-03
8.069041185081005096e-03
5.313676781952381134e-03
5.265902262181043625e-03
6.583341863006353378e-03
4.162839613854885101e-03
6.505608092993497849e-03
1.272488106042146683e-02
4.284495022147893906e-03
5.641367752104997635e-03
2.856224542483687401e-03
3.493615193292498589e-03
4.015616606920957565e-03
4.822881426662206650e-03
3.949519712477922440e-03
2.968888962641358376e-03
2.850758843123912811e-03
3.064304590225219727e-03
6.786788348108530045e-03
4.524144344031810760e-03
3.998909145593643188e-03
6.137508433312177658e-03
8.620885200798511505e-03
5.277640651911497116e-03
3.763357643038034439e-03
4.715203307569026947e-03
4.893213976174592972e-03
8.948529139161109924e-03
3.449706360697746277e-03
2.669616136699914932e-03
2.866077935323119164e-03
1.395375467836856842e-02
6.217473652213811874e-03
4.117442294955253601e-03
3.765071509405970573e-03
4.330474417656660080e-03
3.526950255036354065e-03
2.740067197009921074e-03
5.233648698776960373e-03
3.315350040793418884e-03
2.896632300689816475e-03
3.689613891765475273e-03
5.692899227142333984e-03
1.391738094389438629e-02
9.272307157516479492e-03
7.488218136131763458e-03
8.369463495910167694e-03
7.260557264089584351e-03
3.891662927344441414e-03
5.186605267226696014e-03
4.653037991374731064e-03
6.776418536901473999e-03
7.063822355121374130e-03
3.455283818766474724e-03
3.589673666283488274e-03
4.487825091928243637e-03
7.168610580265522003e-03
8.940752595663070679e-03
3.872457891702651978e-03
6.639468949288129807e-03
2.943907631561160088e-03
5.702729802578687668e-03
4.530446138232946396e-03
3.764979541301727295e-03
3.234856994822621346e-03
2.647517016157507896e-03
5.184304900467395782e-03
2.553987083956599236e-03
3.137594088912010193e-03
4.846247844398021698e-03
2.227607183158397675e-03
2.939897589385509491e-03
3.698125248774886131e-03
6.395810749381780624e-03
3.675794228911399841e-03
2.896853489801287651e-03
3.300290321931242943e-03
1.265850663185119629e-02
5.578464362770318985e-03
2.831141464412212372e-03
3.802349558100104332e-03
3.498168429359793663e-03
3.515680087730288506e-03
3.630053950473666191e-03
2.926562214270234108e-03
3.387680975720286369e-03
2.511941827833652496e-03
5.721427965909242630e-03
2.752479398623108864e-03
4.636251833289861679e-03
3.887891769409179688e-03
1.251458097249269485e-02
8.993319235742092133e-03
2.814843319356441498e-03
4.321667365729808807e-03
2.843896625563502312e-03
3.498442936688661575e-03
2.391515998169779778e-03
5.475322250276803970e-03
2.752523636445403099e-03
2.742874436080455780e-03
4.641599953174591064e-03
3.184196073561906815e-03
3.389954566955566406e-03
2.255728002637624741e-03
3.050741972401738167e-03
2.276282524690032005e-03
4.207620862871408463e-03
2.232285914942622185e-03
3.589764004573225975e-03
2.748591126874089241e-03
2.849308541044592857e-03
2.762651303783059120e-03
3.786165965721011162e-03
3.177913371473550797e-03
2.924320055171847343e-03
6.790311541408300400e-03
2.648828784003853798e-03
1.667713164351880550e-03
3.557714400812983513e-03
2.006064867600798607e-03
2.691944595426321030e-03
5.137039348483085632e-03
3.434381214901804924e-03
1.777437748387455940e-03
2.667169785127043724e-03
1.944632851518690586e-03
2.294996520504355431e-03
2.370713744312524796e-03
3.054475178942084312e-03
2.425162354484200478e-03
2.425057813525199890e-03
2.116348594427108765e-03
4.487787373363971710e-03
3.157898550853133202e-03
3.013381268829107285e-03
3.960193600505590439e-03
4.871672019362449646e-03
4.799840971827507019e-03
1.932037295773625374e-03
3.113022772595286369e-03
2.366199158132076263e-03
2.967861713841557503e-03
2.800079062581062317e-03
6.133587099611759186e-03
5.696651991456747055e-03
2.944829640910029411e-03
4.280125722289085388e-03
2.880880143493413925e-03
2.255953149870038033e-03
2.553829690441489220e-03
2.986746840178966522e-03
2.951978472992777824e-03
2.640041522681713104e-03
2.036366378888487816e-03
2.189154503867030144e-03
2.441424643620848656e-03
2.559588989242911339e-03
3.305466612800955772e-03
1.495046890340745449e-03
4.013447090983390808e-03
2.888407325372099876e-03
3.774655982851982117e-03
2.146976068615913391e-03
2.442367142066359520e-03
2.166433492675423622e-03
4.527098499238491058e-03
2.571118529886007309e-03
2.725388621911406517e-03
1.929526566527783871e-03
3.027326893061399460e-03
1.817893818952143192e-03
2.371779875829815865e-03
3.600717755034565926e-03
2.000537468120455742e-03
2.158960560336709023e-03
2.093373565003275871e-03
2.375091891735792160e-03
1.699426095001399517e-03
2.605779329314827919e-03
1.965351169928908348e-03
3.619540482759475708e-03
2.566172042861580849e-03
1.649590558372437954e-03
1.776883611455559731e-03
4.897604696452617645e-03
4.609437193721532822e-03
6.270012352615594864e-03
2.265821956098079681e-02
1.002948917448520660e-02
5.274949595332145691e-03
1.278133597224950790e-02
3.226838307455182076e-03
3.364868462085723877e-03
2.557326806709170341e-03
2.079624449834227562e-03
3.322299337014555931e-03
5.463756155222654343e-03
2.345820423215627670e-03
2.937683602795004845e-03
2.323857508599758148e-03
6.839384324848651886e-03
8.449386805295944214e-03
4.005125258117914200e-03
3.146429080516099930e-03
2.238269662484526634e-03
2.440994838252663612e-03
3.296981332823634148e-03
1.715450547635555267e-03
6.253555417060852051e-03
1.934011117555201054e-03
2.540590474382042885e-03
2.674331655725836754e-03
2.642475767061114311e-03
2.376271644607186317e-03
3.559817094355821609e-03
2.409065607935190201e-03
2.314442303031682968e-03
2.187575446441769600e-03
3.598544746637344360e-03
4.018542822450399399e-03
3.455522703006863594e-03
3.449254902079701424e-03
3.352722153067588806e-03
1.855884096585214138e-03
2.662752056494355202e-03
3.024624893441796303e-03
2.559786196798086166e-03
1.989084063097834587e-03
2.059723017737269402e-03
2.670090412721037865e-03
2.546275034546852112e-03
4.761915188282728195e-03
1.837003626860678196e-03
3.152040764689445496e-03
2.229328267276287079e-03
2.345623448491096497e-03
5.504701752215623856e-03
8.194676600396633148e-03
1.917722984217107296e-03
2.701826859265565872e-03
2.346029505133628845e-03
2.638972830027341843e-03
1.867443206720054150e-03
2.377132186666131020e-03
2.020133193582296371e-03
6.804679986089468002e-03
2.233115397393703461e-02
2.085030823945999146e-02
5.254821851849555969e-03
1.579987443983554840e-02
4.391993395984172821e-03
3.168438095599412918e-03
5.086245015263557434e-03
5.308696534484624863e-03
2.767807105556130409e-03
2.120654564350843430e-03
2.952265320345759392e-03
2.564845839515328407e-03
1.684561022557318211e-03
2.883693436160683632e-03
9.929080493748188019e-03
6.414078176021575928e-03
2.731087617576122284e-03
4.224705975502729416e-03
2.514531370252370834e-03
5.783520173281431198e-03
2.742307260632514954e-03
2.326684771105647087e-03
4.524435847997665405e-03
1.592040993273258209e-03
1.569267548620700836e-02
4.805875942111015320e-03
4.807091783732175827e-03
9.625895880162715912e-03
3.799722297117114067e-03
3.618906019255518913e-03
4.218082875013351440e-03
3.810384543612599373e-03
3.110290504992008209e-03
5.099781323224306107e-03
1.812748494558036327e-03
2.042416715994477272e-03
3.681180998682975769e-03
6.142932455986738205e-03
3.534412477165460587e-03
2.850682241842150688e-03
1.389384549111127853e-02
2.933740615844726562e-03
2.357927849516272545e-03
2.747148741036653519e-03
5.378835368901491165e-03
5.612688139081001282e-03
3.479212289676070213e-03
3.564590588212013245e-03
2.826785901561379433e-03
4.809082951396703720e-03
2.195798093453049660e-03
3.451124997809529305e-03
1.972923753783106804e-03
1.621392555534839630e-03
3.758917795494198799e-03
2.031533280387520790e-03
2.481922274455428123e-03
2.014916623011231422e-03
2.345137065276503563e-03
3.506049513816833496e-03
2.641089027747511864e-03
2.645068336278200150e-03
2.075546421110630035e-03
2.514686668291687965e-03
1.745980605483055115e-02
1.605302281677722931e-02
3.170754527673125267e-03
1.870121108368039131e-03
2.141400938853621483e-03
5.354120861738920212e-03
3.130007535219192505e-03
3.667525714263319969e-03
4.550957120954990387e-03
5.505414679646492004e-03
7.438032422214746475e-03
6.711495574563741684e-03
4.593411460518836975e-02
4.304773733019828796e-02
3.272753208875656128e-03
3.890234278514981270e-03
1.273648627102375031e-02
4.931292496621608734e-03
4.205680917948484421e-03
9.274649433791637421e-03
6.757584400475025177e-03
3.061669180169701576e-03
6.172017659991979599e-03
3.013597335666418076e-03
2.642677864059805870e-03
6.465319078415632248e-03
3.188342321664094925e-03
4.669801797717809677e-03
5.720020737498998642e-03
3.150965785607695580e-03
9.926195256412029266e-03
4.308834206312894821e-03
3.016436472535133362e-03
2.695049857720732689e-03
2.309333067387342453e-03
4.654447082430124283e-03
2.640658523887395859e-03
2.687353407964110374e-03
2.998667536303400993e-03
1.773858675733208656e-03
1.673832884989678860e-03
3.236647462472319603e-03
3.128793789073824883e-03
2.263436326757073402e-03
3.745881607756018639e-03
1.398892886936664581e-02
5.243505816906690598e-03
2.351377159357070923e-03
2.661184407770633698e-03
1.086687669157981873e-02
8.744726888835430145e-03
4.782178904861211777e-03
2.315174322575330734e-03
4.981571342796087265e-03
2.744803437963128090e-03
5.927690770477056503e-03
3.931818995624780655e-03
2.961958991363644600e-03
6.504717748612165451e-03
4.468107596039772034e-03
6.191612686961889267e-03
2.257237024605274200e-02
8.884727023541927338e-03
4.221781622618436813e-03
