2.100582569837570190e-01
1.511541724205017090e+00
9.958543181419372559e-01
6.370459198951721191e-01
5.350472927093505859e-01
4.263887107372283936e-01
3.775657713413238525e-01
3.102004230022430420e-01
2.742669582366943359e-01
2.742952108383178711e-01
2.078584432601928711e-01
2.240303605794906616e-01
2.137996703386306763e-01
1.870382279157638550e-01
1.901519149541854858e-01
1.957593262195587158e-01
1.726246476173400879e-01
1.718963980674743652e-01
1.181911230087280273e-01
1.581056416034698486e-01
1.482784003019332886e-01
1.413565129041671753e-01
1.206073909997940063e-01
1.333789080381393433e-01
1.289221346378326416e-01
1.081022843718528748e-01
1.470555961132049561e-01
1.138530969619750977e-01
1.574561744928359985e-01
1.286312639713287354e-01
9.872499853372573853e-02
1.109010577201843262e-01
1.335043013095855713e-01
1.127099394798278809e-01
1.436221003532409668e-01
1.008979678153991699e-01
9.023868292570114136e-02
9.436184912919998169e-02
1.165680885314941406e-01
1.005209907889366150e-01
8.578815311193466187e-02
8.252861350774765015e-02
8.188908547163009644e-02
9.640900045633316040e-02
8.484330028295516968e-02
7.162876427173614502e-02
6.348352879285812378e-02
9.100131690502166748e-02
7.760737091302871704e-02
7.786694169044494629e-02
7.366569340229034424e-02
6.665049493312835693e-02
6.335006654262542725e-02
8.414676040410995483e-02
5.707803368568420410e-02
8.927779644727706909e-02
7.754335552453994751e-02
6.485494971275329590e-02
4.966348037123680115e-02
7.629458606243133545e-02
6.932976841926574707e-02
6.547992676496505737e-02
6.459992378950119019e-02
6.482224911451339722e-02
6.983002275228500366e-02
8.041418343782424927e-02
8.400955051183700562e-02
7.598271220922470093e-02
8.009627461433410645e-02
6.607028841972351074e-02
6.394536048173904419e-02
9.354971349239349365e-02
6.271383166313171387e-02
4.136461392045021057e-02
7.217346876859664917e-02
6.108114868402481079e-02
7.144637405872344971e-02
5.766621977090835571e-02
6.368171423673629761e-02
5.560908839106559753e-02
5.419608950614929199e-02
7.628120481967926025e-02
6.546118110418319702e-02
5.069109424948692322e-02
6.539803743362426758e-02
4.602010920643806458e-02
5.681167915463447571e-02
6.500513106584548950e-02
4.163901507854461670e-02
5.325704440474510193e-02
6.750395148992538452e-02
5.098820850253105164e-02
6.487048417329788208e-02
5.554965138435363770e-02
5.192115530371665955e-02
5.369312316179275513e-02
5.796608328819274902e-02
3.810801357030868530e-02
4.224399849772453308e-02
5.229544639587402344e-02
4.614310339093208313e-02
6.517835706472396851e-02
3.830111026763916016e-02
4.473974555730819702e-02
5.767758563160896301e-02
5.894649773836135864e-02
3.953265771269798279e-02
4.321319237351417542e-02
3.687446564435958862e-02
4.131868481636047363e-02
4.261672124266624451e-02
3.915883228182792664e-02
4.099708423018455505e-02
3.415318205952644348e-02
5.527517199516296387e-02
3.492053598165512085e-02
6.406670808792114258e-02
3.820655867457389832e-02
3.127474710345268250e-02
4.474860057234764099e-02
3.831318020820617676e-02
3.551925718784332275e-02
4.218281805515289307e-02
4.062594100832939148e-02
5.719899013638496399e-02
4.054643958806991577e-02
4.425344243645668030e-02
4.519744589924812317e-02
3.726243227720260620e-02
4.015623033046722412e-02
4.396621510386466980e-02
4.240303859114646912e-02
4.842806607484817505e-02
4.891480132937431335e-02
4.248101636767387390e-02
3.423691540956497192e-02
5.142645910382270813e-02
4.439555108547210693e-02
3.713217377662658691e-02
4.890893399715423584e-02
5.388499423861503601e-02
4.927086830139160156e-02
3.926831856369972229e-02
3.566407784819602966e-02
3.712278604507446289e-02
3.838079795241355896e-02
4.057978093624114990e-02
3.458380326628684998e-02
4.568166658282279968e-02
4.564593732357025146e-02
3.531948104500770569e-02
2.875708043575286865e-02
2.570917084813117981e-02
3.116848133504390717e-02
3.337403386831283569e-02
3.453479334712028503e-02
3.315825015306472778e-02
2.349597029387950897e-02
5.464701727032661438e-02
3.549562022089958191e-02
3.779842332005500793e-02
3.079421259462833405e-02
3.781850636005401611e-02
3.773888573050498962e-02
2.856623940169811249e-02
2.228076756000518799e-02
3.112369589507579803e-02
4.325536265969276428e-02
4.467526078224182129e-02
4.646520316600799561e-02
3.978476300835609436e-02
3.660092875361442566e-02
2.706477604806423187e-02
4.091936722397804260e-02
3.908419981598854065e-02
2.945652045309543610e-02
4.312088713049888611e-02
4.413032159209251404e-02
3.690490871667861938e-02
3.187018260359764099e-02
4.075277969241142273e-02
2.542600594460964203e-02
3.257953748106956482e-02
2.946385741233825684e-02
3.001928143203258514e-02
4.864023625850677490e-02
3.633693233132362366e-02
3.746350854635238647e-02
3.150585666298866272e-02
3.705522418022155762e-02
1.937910355627536774e-02
2.791813574731349945e-02
2.903757989406585693e-02
2.980577386915683746e-02
2.063396386802196503e-02
1.982016861438751221e-02
2.049619704484939575e-02
2.447614632546901703e-02
2.885642647743225098e-02
3.530864417552947998e-02
3.399377688765525818e-02
2.616625837981700897e-02
2.828755974769592285e-02
2.367663010954856873e-02
2.275324985384941101e-02
2.621973492205142975e-02
1.912425085902214050e-02
2.444190345704555511e-02
2.238947711884975433e-02
3.712941706180572510e-02
2.491099759936332703e-02
2.801201120018959045e-02
1.736823283135890961e-02
4.847911000251770020e-02
1.931115053594112396e-02
2.525791898369789124e-02
3.064190410077571869e-02
4.116129875183105469e-02
2.136178128421306610e-02
2.302271686494350433e-02
2.932389639317989349e-02
2.753752283751964569e-02
1.965032145380973816e-02
3.053934313356876373e-02
2.405757457017898560e-02
2.341998182237148285e-02
2.762144617736339569e-02
2.721785008907318115e-02
3.593746572732925415e-02
1.932421885430812836e-02
2.173960581421852112e-02
2.539226785302162170e-02
1.873003691434860229e-02
3.007077984511852264e-02
2.442386932671070099e-02
3.267483785748481750e-02
1.652383618056774139e-02
2.543559670448303223e-02
1.404106058180332184e-02
2.655531466007232666e-02
5.661479756236076355e-02
2.217406779527664185e-02
1.547623146325349808e-02
3.716441243886947632e-02
2.957617677748203278e-02
2.412655763328075409e-02
1.801458187401294708e-02
3.935777768492698669e-02
2.079777978360652924e-02
1.338926237076520920e-02
3.393068909645080566e-02
1.276122778654098511e-02
7.693051826208829880e-03
1.673442311584949493e-02
1.289353799074888229e-02
3.887898102402687073e-02
2.159626968204975128e-02
1.535078138113021851e-02
1.435119565576314926e-02
1.566882245242595673e-02
2.353294007480144501e-02
1.850001886487007141e-02
2.122949250042438507e-02
2.291850559413433075e-02
1.133828144520521164e-02
2.774414420127868652e-02
2.105555124580860138e-02
2.429700642824172974e-02
1.788095757365226746e-02
1.765867881476879120e-02
1.565397344529628754e-02
1.564793847501277924e-02
1.598001457750797272e-02
2.629786729812622070e-02
1.437352504581212997e-02
1.633322797715663910e-02
2.371494285762310028e-02
2.127929590642452240e-02
1.860414072871208191e-02
2.535762451589107513e-02
2.659813500940799713e-02
2.403624169528484344e-02
2.958535030484199524e-02
1.780056953430175781e-02
2.606573700904846191e-02
1.546412613242864609e-02
2.573003806173801422e-02
1.399052795022726059e-02
2.122850529849529266e-02
1.182693801820278168e-02
2.337845973670482635e-02
1.908262819051742554e-02
2.808750048279762268e-02
3.683529049158096313e-02
1.724304817616939545e-02
1.903110742568969727e-02
2.074811421334743500e-02
2.811509743332862854e-02
2.617331407964229584e-02
2.879901789128780365e-02
2.155087701976299286e-02
1.944150775671005249e-02
1.058548223227262497e-02
1.059229299426078796e-02
1.126829814165830612e-02
2.756527625024318695e-02
1.571811176836490631e-02
1.488649751991033554e-02
1.669902540743350983e-02
1.082771643996238708e-02
9.339324198663234711e-03
1.402742136269807816e-02
1.072467397898435593e-02
1.209580525755882263e-02
2.025268599390983582e-02
2.384891919791698456e-02
1.912595517933368683e-02
1.848364807665348053e-02
2.081813663244247437e-02
1.799443736672401428e-02
1.275172270834445953e-02
1.653176359832286835e-02
2.670037560164928436e-02
2.326032333076000214e-02
1.358479913324117661e-02
1.578856073319911957e-02
1.525479834526777267e-02
1.338222529739141464e-02
1.408124621957540512e-02
1.090737152844667435e-02
1.265552360564470291e-02
1.742275618016719818e-02
1.296176761388778687e-02
1.814935915172100067e-02
3.946694731712341309e-02
1.515045017004013062e-02
2.397956699132919312e-02
1.803958229720592499e-02
1.568007282912731171e-02
1.875778660178184509e-02
2.298340387642383575e-02
7.847351953387260437e-03
1.220783963799476624e-02
1.791504211723804474e-02
2.417122386395931244e-02
8.784423582255840302e-03
2.032822370529174805e-02
1.481934078037738800e-02
2.431887760758399963e-02
1.393647678196430206e-02
1.021645590662956238e-02
1.227511372417211533e-02
1.131328102201223373e-02
7.845300249755382538e-03
1.104521099478006363e-02
8.227855898439884186e-03
1.153949182480573654e-02
1.038987096399068832e-02
1.192055549472570419e-02
9.156970307230949402e-03
9.011780843138694763e-03
1.007746439427137375e-02
1.131702493876218796e-02
1.474856119602918625e-02
1.705047674477100372e-02
7.884144783020019531e-03
7.518940605223178864e-03
1.769406720995903015e-02
8.299148641526699066e-03
1.035392284393310547e-02
1.771579496562480927e-02
1.222142390906810760e-02
2.688435651361942291e-02
1.069149374961853027e-02
1.636942289769649506e-02
8.440076373517513275e-03
1.039369683712720871e-02
1.125756744295358658e-02
1.603163592517375946e-02
1.048194710165262222e-02
1.063498761504888535e-02
9.268737398087978363e-03
2.554293535649776459e-02
1.768839918076992035e-02
1.400843169540166855e-02
1.275696605443954468e-02
1.910746842622756958e-02
2.450243569910526276e-02
2.258952893316745758e-02
1.352018583565950394e-02
1.135630812495946884e-02
1.928115449845790863e-02
1.047538314014673233e-02
1.621476933360099792e-02
8.634340018033981323e-03
1.188409887254238129e-02
1.801342330873012543e-02
2.242602221667766571e-02
1.547799259424209595e-02
1.561876572668552399e-02
1.132767181843519211e-02
2.109632082283496857e-02
1.178692560642957687e-02
8.366609923541545868e-03
1.235899329185485840e-02
1.458433549851179123e-02
1.152371335774660110e-02
1.240286976099014282e-02
1.131844520568847656e-02
1.335035450756549835e-02
1.109076291322708130e-02
6.861296948045492172e-03
8.711456321179866791e-03
1.198065932840108871e-02
4.676702432334423065e-03
1.133176963776350021e-02
1.046165451407432556e-02
9.335887618362903595e-03
1.046565920114517212e-02
2.230955287814140320e-02
5.396360997110605240e-03
8.451660163700580597e-03
1.642280444502830505e-02
5.499399732798337936e-03
8.110000751912593842e-03
1.476628519594669342e-02
6.991648580878973007e-03
1.334859337657690048e-02
5.538997706025838852e-03
1.708103716373443604e-02
1.240223459899425507e-02
6.853525992482900620e-03
1.268166955560445786e-02
9.325292892754077911e-03
6.753901485353708267e-03
9.797390550374984741e-03
1.179370190948247910e-02
1.458014547824859619e-02
9.293938055634498596e-03
1.078472938388586044e-02
1.343679428100585938e-02
1.225880999118089676e-02
8.802809752523899078e-03
1.294406224042177200e-02
8.303987793624401093e-03
8.648702874779701233e-03
7.769503630697727203e-03
1.020598411560058594e-02
1.095609087496995926e-02
1.574574597179889679e-02
1.117068715393543243e-02
1.024781446903944016e-02
8.265496231615543365e-03
8.133749477565288544e-03
7.190112955868244171e-03
9.041419252753257751e-03
8.443376980721950531e-03
6.850284524261951447e-03
5.384177900850772858e-03
1.689734123647212982e-02
7.971299812197685242e-03
1.304079126566648483e-02
6.729819811880588531e-03
5.264215636998414993e-03
5.736239720135927200e-03
1.309285219758749008e-02
6.946887820959091187e-03
1.014702860265970230e-02
1.012662611901760101e-02
1.391552109271287918e-02
9.799322113394737244e-03
7.386624813079833984e-03
5.575243849307298660e-03
7.916542701423168182e-03
5.897570867091417313e-03
6.708837579935789108e-03
8.255193009972572327e-03
5.666512530297040939e-03
1.019520405679941177e-02
7.674374617636203766e-03
1.532032340764999390e-02
2.118430100381374359e-02
7.386346813291311264e-03
1.486695837229490280e-02
1.156626176089048386e-02
7.099531125277280807e-03
6.924986839294433594e-03
1.142547652125358582e-02
9.448718279600143433e-03
9.539056569337844849e-03
8.688279427587985992e-03
6.568559445440769196e-03
1.194299012422561646e-02
1.275347452610731125e-02
1.213315688073635101e-02
1.101425103843212128e-02
9.448040276765823364e-03
1.061388850212097168e-02
1.023738179355859756e-02
1.335859950631856918e-02
1.784414984285831451e-02
6.069636438041925430e-03
5.671514198184013367e-03
8.385735563933849335e-03
1.351783890277147293e-02
3.937270957976579666e-03
7.487750146538019180e-03
5.577896255999803543e-03
5.274477880448102951e-03
2.334820805117487907e-03
8.281077258288860321e-03
1.111665274947881699e-02
8.509363047778606415e-03
4.522500559687614441e-03
6.675022188574075699e-03
6.284943316131830215e-03
6.580212619155645370e-03
1.438371837139129639e-02
5.183319095522165298e-03
1.446769107133150101e-02
7.622548379004001617e-03
3.725408110767602921e-03
9.585556574165821075e-03
9.608195163309574127e-03
4.461793228983879089e-03
1.137826964259147644e-02
3.867374733090400696e-03
4.969818051904439926e-03
8.058204315602779388e-03
5.479433108121156693e-03
5.167944356799125671e-03
5.497111938893795013e-03
6.797657813876867294e-03
7.555868476629257202e-03
5.781349726021289825e-03
3.652269020676612854e-03
8.929171599447727203e-03
1.075600553303956985e-02
8.960765786468982697e-03
7.158752530813217163e-03
9.064344689249992371e-03
5.212445277720689774e-03
6.791417486965656281e-03
6.292932666838169098e-03
8.694767020642757416e-03
1.262001879513263702e-02
5.130845587700605392e-03
4.270363133400678635e-03
6.406437605619430542e-03
8.202305063605308533e-03
7.506956811994314194e-03
6.281376816332340240e-03
4.301357548683881760e-03
7.055517286062240601e-03
2.269345335662364960e-03
6.332382094115018845e-03
5.353813990950584412e-03
3.566732630133628845e-03
6.457761861383914948e-03
2.958213444799184799e-03
5.695467814803123474e-03
3.252822672948241234e-03
4.823470022529363632e-03
4.407810047268867493e-03
3.798683406785130501e-03
2.961355959996581078e-03
5.036014132201671600e-03
5.634081084281206131e-03
5.472315475344657898e-03
3.226738888770341873e-03
4.486063960939645767e-03
2.337215002626180649e-03
1.366975344717502594e-02
7.538121193647384644e-03
5.155347753316164017e-03
6.236940156668424606e-03
6.226862780749797821e-03
4.221681039780378342e-03
3.603125689551234245e-03
8.774559013545513153e-03
6.966024171561002731e-03
4.573657643049955368e-03
8.887552656233310699e-03
3.899551928043365479e-03
4.907589871436357498e-03
3.302600933238863945e-03
1.314537227153778076e-02
1.159210037440061569e-02
8.602346293628215790e-03
1.235860120505094528e-02
4.532689694315195084e-03
6.107031833380460739e-03
8.464938960969448090e-03
9.445595555007457733e-03
2.034800872206687927e-02
6.938087288290262222e-03
8.393967524170875549e-03
8.242091163992881775e-03
9.142310358583927155e-03
3.706769319251179695e-03
4.714910872280597687e-03
5.221308674663305283e-03
4.484607838094234467e-03
2.680093981325626373e-03
3.775827586650848389e-03
3.508857684209942818e-03
1.983372727409005165e-03
3.576081013306975365e-03
3.376149805262684822e-03
4.095072858035564423e-03
4.650684539228677750e-03
3.020926145836710930e-03
1.829434535466134548e-03
2.669488545507192612e-03
1.724927569739520550e-03
5.505594890564680099e-03
4.982817918062210083e-03
8.329140953719615936e-03
7.525396998971700668e-03
9.203122928738594055e-03
5.745691712945699692e-03
1.931636594235897064e-03
3.563302336260676384e-03
3.473455086350440979e-03
5.258447024971246719e-03
6.089139729738235474e-03
1.001002546399831772e-02
5.097509361803531647e-03
9.445006027817726135e-03
5.186801776289939880e-03
5.407933611422777176e-03
5.286203697323799133e-03
4.384641069918870926e-03
4.791192244738340378e-03
3.316966816782951355e-03
2.146765124052762985e-03
4.646345041692256927e-03
3.434866433963179588e-03
3.467739792540669441e-03
4.347022157162427902e-03
1.405925955623388290e-02
7.402424700558185577e-03
4.976473283022642136e-03
5.074059125036001205e-03
2.034767763689160347e-03
9.563121944665908813e-03
5.162799265235662460e-03
5.736074876040220261e-03
1.389466971158981323e-02
3.077282104641199112e-03
9.375203400850296021e-03
7.365549448877573013e-03
4.850545432418584824e-03
5.514654330909252167e-03
4.109683912247419357e-03
3.503823420032858849e-03
3.438116284087300301e-03
7.853160612285137177e-03
3.253646660596132278e-03
4.189724102616310120e-03
6.633134093135595322e-03
4.191624466329813004e-03
3.333179978653788567e-03
2.077031414955854416e-03
4.072604700922966003e-03
2.753230510279536247e-03
2.662298502400517464e-03
3.703081747516989708e-03
2.554448088631033897e-03
4.363475833088159561e-03
3.849501954391598701e-03
2.791659673675894737e-03
4.398336634039878845e-03
2.190442290157079697e-03
2.239569323137402534e-03
3.377889981493353844e-03
2.986276755109429359e-03
2.776767360046505928e-03
5.988475866615772247e-03
3.370710881426930428e-03
2.602115040645003319e-03
5.940973293036222458e-03
5.564622115343809128e-03
4.078537691384553909e-03
4.913655575364828110e-03
3.719201777130365372e-03
1.816675066947937012e-03
2.476690104231238365e-03
4.771787207573652267e-03
3.874282119795680046e-03
5.878820084035396576e-03
2.735868096351623535e-03
7.540929596871137619e-03
5.057751666754484177e-03
4.993237089365720749e-03
3.766666399314999580e-03
3.159917658194899559e-03
1.086949836462736130e-02
6.988381035625934601e-03
2.989004133269190788e-03
4.520812537521123886e-03
2.094587776809930801e-03
4.749870393425226212e-03
3.514801384881138802e-03
1.303387456573545933e-03
1.865273341536521912e-03
2.039951039478182793e-03
8.246093057096004486e-03
2.782466588541865349e-03
1.586609869264066219e-03
5.460396409034729004e-03
4.818229004740715027e-03
3.298869123682379723e-03
2.675683703273534775e-03
3.676144871860742569e-03
3.536540316417813301e-03
6.678110454231500626e-03
1.676699379459023476e-03
3.005365608260035515e-03
1.698811538517475128e-03
2.969131339341402054e-03
5.151012446731328964e-03
2.877915510907769203e-03
2.607565140351653099e-03
5.723006557673215866e-03
2.117979340255260468e-03
3.438685089349746704e-03
1.324040698818862438e-03
1.940678106620907784e-03
1.403556787408888340e-03
3.006849205121397972e-03
1.968017546460032463e-03
2.949034562334418297e-03
1.373872044496238232e-03
2.884227549657225609e-03
2.573509467765688896e-03
2.082813298329710960e-03
4.532698541879653931e-03
2.345319371670484543e-03
4.328930284827947617e-03
4.625429864972829819e-03
1.903121010400354862e-03
2.601244952529668808e-03
2.926522400230169296e-03
2.878424944356083870e-03
7.938866503536701202e-03
8.863079361617565155e-03
4.726416431367397308e-03
2.947244560346007347e-03
5.953113548457622528e-03
3.311077831313014030e-03
1.380431698635220528e-03
3.667173907160758972e-03
6.078538019210100174e-03
5.161890294402837753e-03
2.283320296555757523e-03
1.799467019736766815e-03
1.637444831430912018e-03
1.922444091178476810e-03
2.884461544454097748e-03
1.898368820548057556e-03
3.599926596507430077e-03
1.931404578499495983e-03
4.602338187396526337e-03
2.012205775827169418e-03
1.482622581534087658e-03
1.831670640967786312e-03
3.838258329778909683e-03
1.464802655391395092e-03
1.852945308201014996e-03
3.178190905600786209e-03
1.553107751533389091e-03
4.157080315053462982e-03
2.268464770168066025e-03
2.931799972429871559e-03
4.649457056075334549e-03
1.854873611591756344e-03
2.661093836650252342e-03
1.603755168616771698e-03
7.045061793178319931e-03
4.051174502819776535e-03
3.193831769749522209e-03
1.968321856111288071e-03
3.113006707280874252e-03
4.164127167314291000e-03
5.486561916768550873e-03
3.270917106419801712e-03
2.471927786245942116e-03
2.705871593207120895e-03
2.345003420487046242e-03
2.036169869825243950e-03
3.309506922960281372e-03
2.839723834767937660e-03
3.134109545499086380e-03
2.682707272469997406e-03
1.883472548797726631e-03
2.208652673289179802e-03
4.153811838477849960e-03
2.756645670160651207e-03
4.527821671217679977e-03
1.093846280127763748e-03
4.543533548712730408e-03
1.873703324235975742e-03
3.880267729982733727e-03
2.060278085991740227e-03
1.590244472026824951e-03
2.256927313283085823e-03
1.292349654249846935e-03
9.478172287344932556e-04
1.421233988367021084e-03
1.742828288115561008e-03
9.067308157682418823e-03
3.441195702180266380e-03
3.792865201830863953e-03
1.704268041066825390e-03
4.021476488560438156e-03
2.696460578590631485e-03
7.240853155963122845e-04
1.681173569522798061e-03
4.261804278939962387e-03
1.413979567587375641e-03
2.419021911919116974e-03
2.143899910151958466e-03
2.174975583329796791e-03
1.674453029409050941e-03
1.976427389308810234e-03
1.394224935211241245e-03
2.243689028546214104e-03
1.742735854350030422e-03
1.766969799064099789e-03
1.195871969684958458e-03
1.432090764865279198e-03
3.676712512969970703e-03
5.177328828722238541e-03
2.200095681473612785e-03
1.526730717159807682e-03
2.992272377014160156e-03
3.592707216739654541e-03
3.871124703437089920e-03
3.204625099897384644e-03
1.385873765684664249e-03
1.751584233716130257e-03
1.366792595945298672e-03
1.977629726752638817e-03
1.349738682620227337e-03
4.372897092252969742e-03
3.352740081027150154e-03
1.374539453536272049e-03
3.058622591197490692e-03
3.841744037345051765e-03
3.236498683691024780e-03
1.982260262593626976e-03
2.003248548135161400e-03
1.987189752981066704e-03
8.075193502008914948e-03
3.554044291377067566e-03
7.471487042494118214e-04
1.152414013631641865e-03
2.366261789575219154e-03
2.068995498120784760e-03
3.542865393683314323e-03
2.430537948384881020e-03
2.529107732698321342e-03
2.892151009291410446e-03
4.251854959875345230e-03
3.495763987302780151e-03
5.415262654423713684e-03
2.963363192975521088e-03
2.755026565864682198e-03
1.399422413669526577e-03
1.700791530311107635e-03
1.825428451411426067e-03
2.545092022046446800e-03
1.566345104947686195e-03
9.623423102311789989e-04
2.191799227148294449e-03
2.709540305659174919e-03
1.651234342716634274e-03
1.865404658019542694e-03
1.033032196573913097e-03
3.104286035522818565e-03
2.979930257424712181e-03
3.595808986574411392e-03
1.391686499118804932e-03
1.712015247903764248e-03
8.694808348082005978e-04
1.486829947680234909e-03
1.144681009463965893e-03
4.014134407043457031e-03
9.531067917123436928e-04
7.547929417341947556e-04
3.049214137718081474e-03
1.109303208068013191e-03
1.393390004523098469e-03
2.925795270130038261e-03
1.814111135900020599e-03
1.546887215226888657e-03
2.712710294872522354e-03
3.696477739140391350e-03
7.870544795878231525e-04
1.962522510439157486e-03
1.019602525047957897e-03
3.440431086346507072e-03
1.774766482412815094e-03
2.425639890134334564e-03
2.785196295008063316e-03
9.298923541791737080e-04
1.358720124699175358e-03
1.489629619754850864e-03
7.773462566547095776e-04
8.897337247617542744e-04
3.137788502499461174e-03
1.214964664541184902e-03
1.864611753262579441e-03
2.464455319568514824e-03
1.722384127788245678e-03
1.291784923523664474e-03
1.466329093091189861e-03
1.968363532796502113e-03
2.938714576885104179e-03
5.886310827918350697e-04
2.129171742126345634e-03
2.482167212292551994e-03
2.872238634154200554e-03
1.977333566173911095e-03
3.599393879994750023e-03
7.710655918344855309e-04
2.021072665229439735e-03
2.144392346963286400e-03
1.262774341739714146e-03
1.324852113611996174e-03
1.526889158412814140e-03
2.054596785455942154e-03
1.572647946886718273e-03
1.062099006958305836e-03
1.149098505266010761e-03
1.210912014357745647e-03
2.423017984256148338e-03
1.629522303119301796e-03
1.322702388279139996e-03
1.037460402585566044e-03
5.388721823692321777e-03
3.548078006133437157e-03
1.740965060889720917e-03
5.881839315406978130e-04
1.861003809608519077e-03
1.939704641699790955e-03
1.135989907197654247e-03
1.878238515928387642e-03
1.859502866864204407e-03
4.383900668472051620e-03
1.437110942788422108e-03
1.406832481734454632e-03
6.440384895540773869e-04
9.090465609915554523e-04
5.250290851108729839e-04
1.043409924022853374e-03
1.017231028527021408e-03
8.816672489047050476e-04
5.747095565311610699e-04
1.506928703747689724e-03
2.816422842442989349e-03
1.461750012822449207e-03
3.439310938119888306e-03
1.856958144344389439e-03
9.371425257995724678e-04
1.011122833006083965e-03
2.674951683729887009e-03
2.307383576408028603e-03
6.866623880341649055e-04
9.717568173073232174e-04
1.000871416181325912e-03
1.129688927903771400e-03
8.090130286291241646e-04
7.001996273174881935e-04
1.178563456051051617e-03
9.262696257792413235e-04
1.435928978025913239e-03
8.400310180149972439e-04
1.790924929082393646e-03
6.331499316729605198e-04
7.410230464302003384e-04
2.314443467184901237e-03
1.067254575900733471e-03
9.689378784969449043e-04
1.616993336938321590e-03
9.663002565503120422e-04
8.387870038859546185e-04
9.598017786629498005e-04
1.273301313631236553e-03
1.701831468380987644e-03
1.570790424011647701e-03
1.567539409734308720e-03
8.329655393026769161e-04
1.542317098937928677e-03
7.304088794626295567e-04
5.777314072474837303e-04
6.590993725694715977e-04
1.138971885666251183e-03
8.980442071333527565e-04
