8.402578830718994141e-01
1.420781373977661133e+00
2.001471281051635742e+00
2.537020444869995117e+00
3.067223548889160156e+00
3.572528362274169922e+00
4.093601703643798828e+00
4.619755029678344727e+00
5.121981143951416016e+00
5.625714302062988281e+00
6.163178920745849609e+00
6.647305250167846680e+00
7.158402442932128906e+00
7.719026803970336914e+00
8.253484249114990234e+00
8.733798027038574219e+00
9.236800670623779297e+00
9.715787887573242188e+00
1.020383119583129883e+01
1.070838093757629395e+01
1.123771810531616211e+01
1.178685283660888672e+01
1.234662508964538574e+01
1.285807275772094727e+01
1.340266084671020508e+01
1.393096208572387695e+01
1.448238706588745117e+01
1.500895977020263672e+01
1.554667830467224121e+01
1.611202549934387207e+01
1.662004899978637695e+01
1.708049178123474121e+01
1.760686302185058594e+01
1.812981534004211426e+01
1.867543244361877441e+01
1.920773959159851074e+01
1.975390219688415527e+01
2.025615167617797852e+01
2.077732133865356445e+01
2.132446312904357910e+01
2.183121490478515625e+01
2.228636813163757324e+01
2.283664512634277344e+01
2.336884427070617676e+01
2.391512155532836914e+01
2.444805264472961426e+01
2.495612215995788574e+01
2.546538090705871582e+01
2.606539559364318848e+01
2.661108279228210449e+01
2.716456794738769531e+01
2.774908852577209473e+01
2.830476355552673340e+01
2.883982801437377930e+01
2.939050674438476562e+01
2.987067341804504395e+01
3.039588689804077148e+01
3.085934734344482422e+01
3.136275148391723633e+01
3.188133287429809570e+01
3.242158174514770508e+01
3.294252157211303711e+01
3.346603536605834961e+01
3.398858785629272461e+01
3.451824545860290527e+01
3.501256704330444336e+01
3.553717112541198730e+01
3.606841778755187988e+01
3.654991936683654785e+01
3.707737779617309570e+01
3.762598609924316406e+01
3.814861941337585449e+01
3.864379739761352539e+01
3.918230652809143066e+01
3.969085860252380371e+01
4.018698811531066895e+01
4.070299077033996582e+01
4.120322942733764648e+01
4.172673630714416504e+01
4.227194309234619141e+01
4.275768733024597168e+01
4.330793046951293945e+01
4.383328366279602051e+01
4.437719678878784180e+01
4.486223506927490234e+01
4.540954589843750000e+01
4.596170449256896973e+01
4.649250078201293945e+01
4.706402516365051270e+01
4.760997533798217773e+01
4.812058043479919434e+01
4.861998844146728516e+01
4.912215733528137207e+01
4.961873269081115723e+01
5.013880276679992676e+01
5.061847496032714844e+01
5.114691352844238281e+01
5.172436618804931641e+01
5.229195976257324219e+01
5.275642418861389160e+01
5.330722737312316895e+01
5.387452840805053711e+01
5.442018318176269531e+01
5.498480343818664551e+01
5.549507212638854980e+01
5.602923464775085449e+01
5.655562043190002441e+01
5.705358457565307617e+01
5.755709385871887207e+01
5.805065703392028809e+01
5.854213619232177734e+01
5.908847665786743164e+01
5.965937709808349609e+01
6.014345693588256836e+01
6.064743399620056152e+01
6.116542172431945801e+01
6.166510438919067383e+01
6.215454339981079102e+01
6.267601037025451660e+01
6.315820598602294922e+01
6.369296002388000488e+01
6.423569488525390625e+01
6.476851487159729004e+01
6.527260446548461914e+01
6.585525369644165039e+01
6.638484692573547363e+01
6.689098644256591797e+01
6.743613362312316895e+01
6.794012808799743652e+01
6.843539071083068848e+01
6.896364331245422363e+01
6.947929835319519043e+01
6.998366308212280273e+01
7.046366024017333984e+01
7.096792054176330566e+01
7.144593214988708496e+01
7.199577498435974121e+01
7.250041508674621582e+01
7.301431775093078613e+01
7.351869535446166992e+01
7.401596260070800781e+01
7.452329063415527344e+01
7.505222272872924805e+01
7.552741003036499023e+01
7.602161097526550293e+01
7.652278327941894531e+01
7.699094414710998535e+01
7.748506116867065430e+01
7.800482296943664551e+01
7.851902723312377930e+01
7.905902314186096191e+01
7.961192703247070312e+01
8.017876744270324707e+01
8.069189047813415527e+01
8.119932365417480469e+01
8.171296334266662598e+01
8.224011707305908203e+01
8.273832249641418457e+01
8.326217961311340332e+01
8.374140548706054688e+01
8.426426506042480469e+01
8.475806570053100586e+01
8.523613619804382324e+01
8.574202251434326172e+01
8.627912282943725586e+01
8.679850149154663086e+01
8.733480310440063477e+01
8.785080122947692871e+01
8.838901996612548828e+01
8.891231966018676758e+01
8.942835497856140137e+01
8.986913323402404785e+01
9.040177750587463379e+01
9.093559670448303223e+01
9.144166684150695801e+01
9.196317005157470703e+01
9.249018883705139160e+01
9.302645707130432129e+01
9.358515739440917969e+01
9.411342358589172363e+01
9.467391800880432129e+01
9.520716547966003418e+01
9.579161214828491211e+01
9.634147596359252930e+01
9.684762120246887207e+01
9.734940600395202637e+01
9.788286161422729492e+01
9.837354683876037598e+01
9.885180926322937012e+01
9.935240864753723145e+01
9.990228557586669922e+01
1.004197230339050293e+02
1.008799591064453125e+02
1.014185624122619629e+02
1.019484598636627197e+02
1.024619731903076172e+02
1.029978196620941162e+02
1.035056784152984619e+02
1.040444309711456299e+02
1.045731244087219238e+02
1.051074078083038330e+02
1.057352387905120850e+02
1.062818937301635742e+02
1.068064913749694824e+02
1.073404190540313721e+02
1.078368566036224365e+02
1.083977124691009521e+02
1.089577219486236572e+02
1.095407850742340088e+02
1.100853598117828369e+02
1.106044898033142090e+02
1.111065266132354736e+02
1.116276690959930420e+02
1.121995859146118164e+02
1.127745528221130371e+02
1.132723238468170166e+02
1.137725205421447754e+02
1.143263776302337646e+02
1.148202853202819824e+02
1.153339533805847168e+02
1.157997539043426514e+02
1.162618801593780518e+02
1.167502155303955078e+02
1.172920634746551514e+02
1.178329198360443115e+02
1.183851678371429443e+02
1.188638751506805420e+02
1.193945021629333496e+02
1.198762047290802002e+02
1.204391810894012451e+02
1.210144846439361572e+02
1.215380084514617920e+02
1.220450632572174072e+02
1.225403623580932617e+02
1.230372984409332275e+02
1.235258500576019287e+02
1.241047065258026123e+02
1.245790545940399170e+02
1.250840125083923340e+02
1.255965223312377930e+02
1.261375770568847656e+02
1.266911580562591553e+02
1.272414050102233887e+02
1.277484409809112549e+02
1.282547709941864014e+02
1.287729506492614746e+02
1.292900650501251221e+02
1.297880690097808838e+02
1.303374764919281006e+02
1.308401069641113281e+02
1.313735313415527344e+02
1.319654886722564697e+02
1.325685286521911621e+02
1.331287531852722168e+02
1.336576762199401855e+02
1.342187585830688477e+02
1.347572093009948730e+02
1.352438991069793701e+02
1.357560887336730957e+02
1.362026937007904053e+02
1.366474552154541016e+02
1.371149103641510010e+02
1.375699019432067871e+02
1.380143511295318604e+02
1.384994471073150635e+02
1.390408596992492676e+02
1.395610938072204590e+02
1.400922822952270508e+02
1.406820285320281982e+02
1.411969723701477051e+02
1.416863958835601807e+02
1.422211930751800537e+02
1.427293121814727783e+02
1.432719404697418213e+02
1.437058641910552979e+02
1.441962101459503174e+02
1.447074217796325684e+02
1.452414655685424805e+02
1.457404942512512207e+02
1.462455191612243652e+02
1.467500271797180176e+02
1.472435441017150879e+02
1.476833600997924805e+02
1.481976034641265869e+02
1.487321028709411621e+02
1.492445571422576904e+02
1.497466475963592529e+02
1.502194399833679199e+02
1.507449986934661865e+02
1.512603819370269775e+02
1.517654354572296143e+02
1.522612228393554688e+02
1.527333076000213623e+02
1.532398152351379395e+02
1.537809491157531738e+02
1.542942831516265869e+02
1.548321082592010498e+02
1.553951449394226074e+02
1.559055833816528320e+02
1.565137076377868652e+02
1.571111359596252441e+02
1.576553320884704590e+02
1.581866540908813477e+02
1.587359998226165771e+02
1.592729883193969727e+02
1.597812776565551758e+02
1.602856969833374023e+02
1.607849838733673096e+02
1.613282189369201660e+02
1.618369932174682617e+02
1.623731396198272705e+02
1.628718771934509277e+02
1.634413259029388428e+02
1.639686694145202637e+02
1.644307072162628174e+02
1.649220921993255615e+02
1.654106016159057617e+02
1.659159636497497559e+02
1.664480903148651123e+02
1.669381892681121826e+02
1.674403021335601807e+02
1.679513473510742188e+02
1.684696810245513916e+02
1.689880354404449463e+02
1.695136401653289795e+02
1.699822030067443848e+02
1.705152506828308105e+02
1.710339090824127197e+02
1.715171303749084473e+02
1.720707201957702637e+02
1.725927948951721191e+02
1.731706287860870361e+02
1.737070846557617188e+02
1.742257642745971680e+02
1.747712287902832031e+02
1.752723011970520020e+02
1.757533023357391357e+02
1.763054187297821045e+02
1.768096714019775391e+02
1.773311078548431396e+02
1.778416373729705811e+02
1.783892352581024170e+02
1.789101138114929199e+02
1.794093358516693115e+02
1.798916864395141602e+02
1.804033501148223877e+02
1.809079105854034424e+02
1.814344935417175293e+02
1.819515480995178223e+02
1.824353163242340088e+02
1.830013191699981689e+02
1.835564517974853516e+02
1.840623190402984619e+02
1.845657665729522705e+02
1.850590395927429199e+02
1.855859072208404541e+02
1.861375067234039307e+02
1.866441049575805664e+02
1.871563866138458252e+02
1.876819503307342529e+02
1.881696398258209229e+02
1.886707193851470947e+02
1.891606960296630859e+02
1.896885871887207031e+02
1.901855854988098145e+02
1.907426328659057617e+02
1.912319016456604004e+02
1.917379686832427979e+02
1.922804045677185059e+02
1.928096554279327393e+02
1.932977907657623291e+02
1.937640142440795898e+02
1.942365097999572754e+02
1.947268755435943604e+02
1.952035119533538818e+02
1.957005107402801514e+02
1.962296204566955566e+02
1.966822443008422852e+02
1.971649200916290283e+02
1.976625933647155762e+02
1.982051024436950684e+02
1.987495958805084229e+02
1.992128744125366211e+02
1.996921043395996094e+02
2.001874492168426514e+02
2.006843934059143066e+02
2.012005510330200195e+02
2.017065804004669189e+02
2.022087063789367676e+02
2.026530191898345947e+02
2.031251182556152344e+02
2.036797068119049072e+02
2.041788928508758545e+02
2.047232785224914551e+02
2.052205138206481934e+02
2.057031731605529785e+02
2.062376985549926758e+02
2.067825026512145996e+02
2.073108041286468506e+02
2.078057343959808350e+02
2.083318710327148438e+02
2.088931818008422852e+02
2.094186403751373291e+02
2.098929269313812256e+02
2.103870456218719482e+02
2.108779869079589844e+02
2.114025568962097168e+02
2.118901617527008057e+02
2.123489000797271729e+02
2.128650915622711182e+02
2.134211733341217041e+02
2.139964654445648193e+02
2.145162389278411865e+02
2.150362465381622314e+02
2.155738277435302734e+02
2.160743236541748047e+02
2.165767605304718018e+02
2.171166627407073975e+02
2.176124968528747559e+02
2.181429533958435059e+02
2.186248455047607422e+02
2.191264753341674805e+02
2.196935200691223145e+02
2.202402324676513672e+02
2.207329680919647217e+02
2.212483596801757812e+02
2.217602829933166504e+02
2.222540681362152100e+02
2.227641725540161133e+02
2.232794880867004395e+02
2.237535743713378906e+02
2.242251212596893311e+02
2.247289006710052490e+02
2.252517733573913574e+02
2.257435026168823242e+02
2.262951364517211914e+02
2.267939743995666504e+02
2.272847218513488770e+02
2.278489718437194824e+02
2.283494062423706055e+02
2.287961735725402832e+02
2.293047358989715576e+02
2.297723071575164795e+02
2.302636210918426514e+02
2.307679989337921143e+02
2.312723639011383057e+02
2.317670924663543701e+02
2.322475283145904541e+02
2.327700221538543701e+02
2.332478528022766113e+02
2.337892255783081055e+02
2.343481416702270508e+02
2.348438930511474609e+02
2.353588905334472656e+02
2.358828485012054443e+02
2.363934621810913086e+02
2.369100849628448486e+02
2.374314591884613037e+02
2.379529988765716553e+02
2.385153720378875732e+02
2.389741733074188232e+02
2.394734563827514648e+02
2.400537436008453369e+02
2.405944931507110596e+02
2.411173040866851807e+02
2.415987100601196289e+02
2.420821428298950195e+02
2.425625498294830322e+02
2.430571055412292480e+02
2.435650832653045654e+02
2.440626831054687500e+02
2.445268568992614746e+02
2.450168831348419189e+02
2.454612908363342285e+02
2.459946632385253906e+02
2.464942753314971924e+02
2.469906771183013916e+02
2.475102722644805908e+02
2.480259120464324951e+02
2.485632855892181396e+02
2.490511054992675781e+02
2.495290889739990234e+02
2.500426514148712158e+02
2.505339980125427246e+02
2.510482292175292969e+02
2.515179030895233154e+02
2.519770462512969971e+02
2.525387229919433594e+02
2.530155596733093262e+02
2.535310580730438232e+02
2.540307378768920898e+02
2.545162982940673828e+02
2.550065062046051025e+02
2.555339477062225342e+02
2.560562577247619629e+02
2.565725445747375488e+02
2.570667316913604736e+02
2.576140794754028320e+02
2.580982489585876465e+02
2.585693674087524414e+02
2.590973987579345703e+02
2.596381902694702148e+02
2.601747961044311523e+02
2.606926782131195068e+02
2.611956644058227539e+02
2.616909036636352539e+02
2.621798110008239746e+02
2.626786992549896240e+02
2.631752059459686279e+02
2.636771905422210693e+02
2.641418125629425049e+02
2.646339030265808105e+02
2.651288380622863770e+02
2.656335647106170654e+02
2.661152732372283936e+02
2.666281175613403320e+02
2.671569271087646484e+02
2.676588006019592285e+02
2.681348228454589844e+02
2.686404047012329102e+02
2.691568791866302490e+02
2.696363949775695801e+02
2.701350929737091064e+02
2.706153678894042969e+02
2.711130270957946777e+02
2.716134469509124756e+02
2.720799417495727539e+02
2.726425495147705078e+02
2.731831843852996826e+02
2.736713240146636963e+02
2.741778953075408936e+02
2.747288451194763184e+02
2.752738699913024902e+02
2.757831435203552246e+02
2.762755126953125000e+02
2.767499194145202637e+02
2.772593519687652588e+02
2.777653839588165283e+02
2.782976672649383545e+02
2.787828235626220703e+02
2.792822678089141846e+02
2.797917046546936035e+02
2.803175144195556641e+02
2.808665544986724854e+02
2.814032852649688721e+02
2.819048440456390381e+02
2.823632078170776367e+02
2.828778095245361328e+02
2.833737108707427979e+02
2.838432190418243408e+02
2.844059293270111084e+02
2.849854991436004639e+02
2.854962251186370850e+02
2.860254189968109131e+02
2.865025093555450439e+02
2.869836435317993164e+02
2.875133509635925293e+02
2.880245909690856934e+02
2.885584521293640137e+02
2.890621583461761475e+02
2.896151609420776367e+02
2.901091363430023193e+02
2.905851070880889893e+02
2.911095774173736572e+02
2.916707370281219482e+02
2.921936078071594238e+02
2.926910190582275391e+02
2.931995253562927246e+02
2.937086839675903320e+02
2.941960804462432861e+02
2.947281141281127930e+02
2.952425923347473145e+02
2.957936470508575439e+02
2.963411235809326172e+02
2.968461620807647705e+02
2.973531270027160645e+02
2.978516097068786621e+02
2.983660221099853516e+02
2.988752570152282715e+02
2.993765785694122314e+02
2.999026498794555664e+02
3.004385330677032471e+02
3.009286186695098877e+02
3.014537031650543213e+02
3.019701437950134277e+02
3.024502944946289062e+02
3.029328808784484863e+02
3.034540326595306396e+02
3.039744806289672852e+02
3.044395546913146973e+02
3.049374566078186035e+02
3.054136230945587158e+02
3.059163405895233154e+02
3.064681637287139893e+02
3.069655487537384033e+02
3.074293754100799561e+02
3.078773584365844727e+02
3.083790340423583984e+02
3.088943433761596680e+02
3.093916230201721191e+02
3.099952330589294434e+02
3.105465700626373291e+02
3.110777604579925537e+02
3.116076066493988037e+02
3.121475040912628174e+02
3.126665081977844238e+02
3.131789801120758057e+02
3.136931047439575195e+02
3.141643218994140625e+02
3.146411585807800293e+02
3.151654825210571289e+02
3.156918196678161621e+02
3.162233817577362061e+02
3.167279124259948730e+02
3.172226085662841797e+02
3.177108025550842285e+02
3.181745765209197998e+02
3.186622748374938965e+02
3.191527183055877686e+02
3.196481964588165283e+02
3.201793823242187500e+02
3.206384422779083252e+02
3.211348662376403809e+02
3.216161997318267822e+02
3.221257979869842529e+02
3.226397144794464111e+02
3.231035184860229492e+02
3.236029784679412842e+02
3.241179127693176270e+02
3.246922492980957031e+02
3.252092955112457275e+02
3.257162904739379883e+02
3.262236580848693848e+02
3.267387676239013672e+02
3.272554788589477539e+02
3.277491195201873779e+02
3.282593293190002441e+02
3.287592217922210693e+02
3.292976005077362061e+02
3.298295235633850098e+02
3.303144731521606445e+02
3.308297977447509766e+02
3.313568818569183350e+02
3.318424184322357178e+02
3.323155386447906494e+02
3.327817463874816895e+02
3.333172559738159180e+02
3.338506834506988525e+02
3.343844199180603027e+02
3.348811280727386475e+02
3.354127731323242188e+02
3.359566595554351807e+02
3.364534180164337158e+02
3.369221107959747314e+02
3.374351420402526855e+02
3.378965451717376709e+02
3.383701651096343994e+02
3.388757362365722656e+02
3.393845801353454590e+02
3.398691895008087158e+02
3.403588714599609375e+02
3.408563725948333740e+02
3.413548264503479004e+02
3.418843708038330078e+02
3.424408130645751953e+02
3.429745023250579834e+02
3.434846539497375488e+02
3.440048489570617676e+02
3.445795187950134277e+02
3.451071262359619141e+02
3.455856854915618896e+02
3.460995366573333740e+02
3.466385588645935059e+02
3.471571815013885498e+02
3.476648118495941162e+02
3.481902627944946289e+02
3.486997482776641846e+02
3.492407801151275635e+02
3.497848341464996338e+02
3.503205502033233643e+02
3.508277657032012939e+02
3.512639012336730957e+02
3.516967635154724121e+02
3.522367823123931885e+02
3.527572283744812012e+02
3.532015519142150879e+02
3.537020115852355957e+02
3.542386090755462646e+02
3.547271416187286377e+02
3.552573513984680176e+02
3.557140746116638184e+02
3.561670050621032715e+02
3.566771221160888672e+02
3.571215746402740479e+02
3.576212234497070312e+02
3.580700483322143555e+02
3.585750813484191895e+02
3.590571131706237793e+02
3.596105659008026123e+02
3.601487751007080078e+02
3.607446744441986084e+02
3.613433539867401123e+02
3.618154184818267822e+02
3.623433058261871338e+02
3.628442454338073730e+02
3.633106477260589600e+02
3.638504686355590820e+02
3.643600113391876221e+02
3.648877558708190918e+02
3.654382531642913818e+02
3.659852988719940186e+02
3.665330779552459717e+02
3.670470042228698730e+02
3.675747652053833008e+02
3.680818202495574951e+02
3.685717144012451172e+02
3.690790202617645264e+02
3.695480229854583740e+02
3.700640392303466797e+02
3.705702185630798340e+02
3.710803558826446533e+02
3.716016569137573242e+02
3.721169083118438721e+02
3.726160383224487305e+02
3.731337099075317383e+02
3.736385974884033203e+02
3.741273782253265381e+02
3.745581555366516113e+02
3.750522158145904541e+02
3.755541937351226807e+02
3.760803222656250000e+02
3.766154971122741699e+02
3.771510834693908691e+02
3.776346471309661865e+02
3.781726217269897461e+02
3.786730966567993164e+02
3.791504201889038086e+02
3.797000148296356201e+02
3.802070353031158447e+02
3.807210414409637451e+02
3.811883656978607178e+02
3.816725344657897949e+02
3.821724104881286621e+02
3.826537539958953857e+02
3.831749231815338135e+02
3.836554841995239258e+02
3.841736178398132324e+02
3.846938655376434326e+02
3.851729617118835449e+02
3.856730079650878906e+02
3.861787426471710205e+02
3.867372958660125732e+02
3.872667503356933594e+02
3.877864270210266113e+02
3.882942023277282715e+02
3.887995524406433105e+02
3.893162922859191895e+02
3.898913831710815430e+02
3.904129846096038818e+02
3.909099764823913574e+02
3.914026899337768555e+02
3.918819007873535156e+02
3.923576478958129883e+02
3.928351583480834961e+02
3.932831392288208008e+02
3.937622003555297852e+02
3.942672336101531982e+02
3.947391970157623291e+02
3.952488129138946533e+02
3.957717342376708984e+02
3.962640106678009033e+02
3.967985398769378662e+02
3.973266615867614746e+02
3.978349158763885498e+02
3.983169932365417480e+02
3.988408706188201904e+02
3.993927817344665527e+02
3.999089808464050293e+02
4.003795888423919678e+02
4.008549931049346924e+02
4.013446209430694580e+02
4.018343338966369629e+02
4.023180720806121826e+02
4.028316822052001953e+02
4.033198637962341309e+02
4.037836198806762695e+02
4.042477004528045654e+02
4.047622945308685303e+02
4.052833206653594971e+02
4.057858250141143799e+02
4.063211419582366943e+02
4.068195986747741699e+02
4.072846779823303223e+02
4.077758452892303467e+02
4.082627182006835938e+02
4.087463552951812744e+02
4.092324607372283936e+02
4.096866211891174316e+02
4.101797819137573242e+02
4.106421806812286377e+02
4.111785447597503662e+02
4.117286922931671143e+02
4.122451610565185547e+02
4.127740163803100586e+02
4.132991349697113037e+02
4.138210017681121826e+02
4.143262052536010742e+02
4.148233740329742432e+02
4.153323614597320557e+02
4.159037809371948242e+02
4.164024274349212646e+02
4.169114210605621338e+02
4.175003287792205811e+02
4.180271170139312744e+02
4.185553865432739258e+02
4.191105763912200928e+02
4.196543979644775391e+02
4.201734395027160645e+02
4.206923105716705322e+02
4.212278563976287842e+02
4.217362425327301025e+02
4.221978840827941895e+02
4.227097272872924805e+02
4.232159402370452881e+02
4.237410564422607422e+02
4.242480864524841309e+02
4.247221434116363525e+02
4.252639529705047607e+02
4.258000068664550781e+02
4.263095989227294922e+02
4.267955765724182129e+02
4.272779247760772705e+02
4.278031022548675537e+02
4.283227806091308594e+02
4.288467597961425781e+02
4.293268327713012695e+02
4.298178205490112305e+02
4.302587492465972900e+02
4.306901118755340576e+02
4.311803159713745117e+02
4.317171053886413574e+02
4.322221333980560303e+02
4.327531535625457764e+02
4.332442915439605713e+02
4.338038160800933838e+02
4.343028044700622559e+02
4.347932772636413574e+02
4.352867274284362793e+02
4.357843570709228516e+02
4.362910230159759521e+02
4.368220272064208984e+02
4.373442234992980957e+02
4.378575010299682617e+02
4.383527231216430664e+02
4.388564374446868896e+02
4.393741469383239746e+02
4.398682277202606201e+02
4.403764984607696533e+02
4.408710312843322754e+02
4.413743329048156738e+02
4.418192477226257324e+02
4.423358170986175537e+02
4.428412227630615234e+02
4.433285515308380127e+02
4.438104088306427002e+02
4.443128437995910645e+02
4.448652453422546387e+02
4.453232972621917725e+02
4.457937197685241699e+02
4.462872467041015625e+02
4.467706575393676758e+02
4.472782468795776367e+02
4.477767610549926758e+02
4.482644655704498291e+02
4.487650377750396729e+02
4.492270934581756592e+02
4.497155804634094238e+02
4.501742670536041260e+02
4.506951019763946533e+02
4.512104775905609131e+02
4.517624480724334717e+02
4.522352197170257568e+02
4.527335224151611328e+02
4.532315497398376465e+02
4.537124266624450684e+02
4.541692469120025635e+02
4.547027895450592041e+02
4.551977181434631348e+02
4.556822073459625244e+02
4.562140040397644043e+02
4.567441747188568115e+02
4.572253694534301758e+02
4.576962912082672119e+02
4.581416800022125244e+02
4.586216995716094971e+02
4.591219017505645752e+02
4.596494145393371582e+02
4.601335890293121338e+02
4.606423747539520264e+02
4.611582646369934082e+02
4.616988658905029297e+02
4.622867093086242676e+02
4.628554775714874268e+02
4.633901162147521973e+02
4.638671860694885254e+02
4.643175730705261230e+02
4.648048405647277832e+02
4.652516958713531494e+02
4.657026183605194092e+02
4.662083766460418701e+02
4.667095839977264404e+02
4.672248148918151855e+02
4.677284867763519287e+02
4.682525076866149902e+02
4.688144769668579102e+02
4.692928071022033691e+02
4.697758464813232422e+02
4.702866673469543457e+02
4.708284475803375244e+02
4.713241076469421387e+02
4.718317546844482422e+02
4.723382351398468018e+02
4.728400361537933350e+02
4.733115479946136475e+02
4.738544814586639404e+02
4.743583710193634033e+02
4.748689758777618408e+02
4.753576190471649170e+02
4.758723011016845703e+02
4.763887429237365723e+02
4.768530454635620117e+02
4.773412978649139404e+02
4.778573310375213623e+02
4.783536000251770020e+02
4.788476574420928955e+02
4.793371102809906006e+02
4.798293211460113525e+02
4.803101630210876465e+02
4.807425563335418701e+02
4.812088434696197510e+02
4.816893744468688965e+02
4.822141096591949463e+02
4.827431693077087402e+02
4.832251183986663818e+02
4.837242882251739502e+02
4.841924257278442383e+02
4.847241616249084473e+02
4.852264118194580078e+02
4.857499253749847412e+02
4.862707254886627197e+02
4.868670442104339600e+02
4.874095506668090820e+02
4.879045393466949463e+02
4.883916411399841309e+02
4.888965239524841309e+02
4.893765101432800293e+02
4.898576915264129639e+02
4.903468196392059326e+02
4.908319630622863770e+02
4.913005092144012451e+02
4.917963221073150635e+02
4.922903087139129639e+02
4.927473220825195312e+02
4.932473990917205811e+02
4.937104222774505615e+02
4.941647055149078369e+02
4.946214199066162109e+02
4.950742027759552002e+02
4.955818092823028564e+02
4.960845150947570801e+02
4.965902616977691650e+02
4.971134812831878662e+02
4.976372299194335938e+02
4.981737341880798340e+02
4.986771922111511230e+02
4.991580157279968262e+02
4.996156580448150635e+02
5.001144795417785645e+02
5.006762087345123291e+02
5.011611146926879883e+02
5.016543858051300049e+02
5.021468696594238281e+02
5.026441745758056641e+02
5.031530117988586426e+02
5.036325469017028809e+02
5.041891553401947021e+02
5.046917738914489746e+02
5.052080221176147461e+02
5.057171185016632080e+02
5.062920162677764893e+02
5.068011269569396973e+02
5.073019959926605225e+02
5.077794766426086426e+02
5.082975177764892578e+02
5.087645492553710938e+02
5.092392601966857910e+02
5.097239046096801758e+02
5.101922068595886230e+02
5.106604235172271729e+02
5.111630904674530029e+02
