0.000000000000000000e+00
1.267010927200317383e+00
1.956053256988525391e+00
2.620721817016601562e+00
3.293493032455444336e+00
4.020540952682495117e+00
4.703341007232666016e+00
5.405331850051879883e+00
6.058715343475341797e+00
6.726726531982421875e+00
7.424276351928710938e+00
8.103465080261230469e+00
8.801905155181884766e+00
9.486993312835693359e+00
1.019304633140563965e+01
1.091288948059082031e+01
1.164656305313110352e+01
1.235793399810791016e+01
1.308624625205993652e+01
1.379611968994140625e+01
1.454443597793579102e+01
1.527182459831237793e+01
1.594925498962402344e+01
1.666629672050476074e+01
1.734336018562316895e+01
1.804966020584106445e+01
1.877438664436340332e+01
1.948678112030029297e+01
2.019270181655883789e+01
2.084692358970642090e+01
2.151430630683898926e+01
2.219522476196289062e+01
2.288835668563842773e+01
2.355130720138549805e+01
2.421440720558166504e+01
2.490787029266357422e+01
2.562432861328125000e+01
2.631062507629394531e+01
2.699166965484619141e+01
2.767488884925842285e+01
2.835952448844909668e+01
2.906039476394653320e+01
2.976823139190673828e+01
3.044911265373229980e+01
3.115590000152587891e+01
3.181494688987731934e+01
3.251621508598327637e+01
3.322253012657165527e+01
3.391943216323852539e+01
3.460272169113159180e+01
3.531195831298828125e+01
3.606206011772155762e+01
3.673300004005432129e+01
3.741817569732666016e+01
3.809000396728515625e+01
3.878156805038452148e+01
3.948944163322448730e+01
4.015748286247253418e+01
4.087151479721069336e+01
4.154264187812805176e+01
4.224791383743286133e+01
4.293958282470703125e+01
4.360377025604248047e+01
4.425681424140930176e+01
4.493256449699401855e+01
4.561394286155700684e+01
4.627961468696594238e+01
4.699175286293029785e+01
4.769796419143676758e+01
4.836549115180969238e+01
4.907028961181640625e+01
4.979266047477722168e+01
5.049770474433898926e+01
5.119051527976989746e+01
5.192521524429321289e+01
5.264869832992553711e+01
5.333883333206176758e+01
5.406939458847045898e+01
5.479015636444091797e+01
5.551065158843994141e+01
5.623951816558837891e+01
5.698075413703918457e+01
5.768277931213378906e+01
5.839240717887878418e+01
5.910896158218383789e+01
5.982653713226318359e+01
6.051431941986083984e+01
6.120031428337097168e+01
6.190895891189575195e+01
6.259936523437500000e+01
6.330671024322509766e+01
6.401115059852600098e+01
6.469078660011291504e+01
6.540668392181396484e+01
6.610297942161560059e+01
6.676936459541320801e+01
6.742990446090698242e+01
6.815850710868835449e+01
6.889195561408996582e+01
6.956098508834838867e+01
7.020515346527099609e+01
7.099163341522216797e+01
7.167761206626892090e+01
7.237537050247192383e+01
7.306268429756164551e+01
7.374431800842285156e+01
7.445106506347656250e+01
7.518004179000854492e+01
7.589593791961669922e+01
7.658756995201110840e+01
7.726048898696899414e+01
7.795628309249877930e+01
7.867045092582702637e+01
7.936301779747009277e+01
8.005003714561462402e+01
8.075426054000854492e+01
8.145486736297607422e+01
8.211852192878723145e+01
8.281324410438537598e+01
8.355128598213195801e+01
8.426790857315063477e+01
8.497176027297973633e+01
8.563008975982666016e+01
8.633257555961608887e+01
8.705408072471618652e+01
8.773877787590026855e+01
8.845161294937133789e+01
8.916161227226257324e+01
8.986314463615417480e+01
9.058944058418273926e+01
9.131774163246154785e+01
9.201749730110168457e+01
9.270392704010009766e+01
9.341401052474975586e+01
9.412444496154785156e+01
9.480288100242614746e+01
9.549870300292968750e+01
9.622558283805847168e+01
9.693035411834716797e+01
9.761401247978210449e+01
9.831772661209106445e+01
9.902354478836059570e+01
9.974663805961608887e+01
1.004799470901489258e+02
1.011995313167572021e+02
1.019348430633544922e+02
1.026454756259918213e+02
1.033702340126037598e+02
1.040871825218200684e+02
1.048114006519317627e+02
1.055157811641693115e+02
1.063081817626953125e+02
1.069340765476226807e+02
1.076082298755645752e+02
1.083123447895050049e+02
1.090096509456634521e+02
1.096870999336242676e+02
1.103424544334411621e+02
1.110278563499450684e+02
1.117344551086425781e+02
1.124265177249908447e+02
1.131584131717681885e+02
1.138799524307250977e+02
1.145884859561920166e+02
1.152987365722656250e+02
1.159709796905517578e+02
1.166434085369110107e+02
1.173289883136749268e+02
1.180135593414306641e+02
1.187027230262756348e+02
1.193855705261230469e+02
1.200605647563934326e+02
1.207665963172912598e+02
1.214509863853454590e+02
1.221330466270446777e+02
1.228080489635467529e+02
1.234832060337066650e+02
1.242056338787078857e+02
1.248805692195892334e+02
1.255709152221679688e+02
1.262406036853790283e+02
1.269689466953277588e+02
1.276964793205261230e+02
1.284224026203155518e+02
1.291361324787139893e+02
1.298713963031768799e+02
1.306194715499877930e+02
1.313597412109375000e+02
1.320691633224487305e+02
1.327564680576324463e+02
1.334494736194610596e+02
1.341187028884887695e+02
1.348199632167816162e+02
1.355431849956512451e+02
1.362553029060363770e+02
1.369699347019195557e+02
1.376649641990661621e+02
1.384018878936767578e+02
1.391082122325897217e+02
1.398014404773712158e+02
1.404485452175140381e+02
1.412370088100433350e+02
1.419496042728424072e+02
1.426977400779724121e+02
1.433906748294830322e+02
1.440778501033782959e+02
1.447911336421966553e+02
1.454883613586425781e+02
1.461918776035308838e+02
1.469032404422760010e+02
1.476059832572937012e+02
1.483400733470916748e+02
1.490082015991210938e+02
1.496806507110595703e+02
1.503974905014038086e+02
1.510866448879241943e+02
1.517807500362396240e+02
1.524529807567596436e+02
1.531561467647552490e+02
1.538370676040649414e+02
1.545048909187316895e+02
1.552207410335540771e+02
1.559327685832977295e+02
1.566423461437225342e+02
1.573045518398284912e+02
1.580211713314056396e+02
1.587365124225616455e+02
1.594464581012725830e+02
1.601390810012817383e+02
1.608375151157379150e+02
1.615578415393829346e+02
1.622540302276611328e+02
1.629563729763031006e+02
1.636095814704895020e+02
1.642775578498840332e+02
1.649784538745880127e+02
1.656864509582519531e+02
1.663681375980377197e+02
1.670744764804840088e+02
1.677795960903167725e+02
1.684928765296936035e+02
1.691712207794189453e+02
1.698855316638946533e+02
1.705657913684844971e+02
1.712606127262115479e+02
1.719669537544250488e+02
1.726500914096832275e+02
1.733307943344116211e+02
1.740438373088836670e+02
1.747634053230285645e+02
1.754950037002563477e+02
1.762892203330993652e+02
1.769925198554992676e+02
1.777214643955230713e+02
1.784162421226501465e+02
1.790905852317810059e+02
1.798063800334930420e+02
1.805343770980834961e+02
1.812574169635772705e+02
1.819806823730468750e+02
1.826802959442138672e+02
1.833660945892333984e+02
1.840415318012237549e+02
1.847045190334320068e+02
1.854107367992401123e+02
1.861188883781433105e+02
1.868039448261260986e+02
1.874867522716522217e+02
1.881836161613464355e+02
1.888827497959136963e+02
1.895692181587219238e+02
1.902509891986846924e+02
1.909502155780792236e+02
1.916518521308898926e+02
1.923497092723846436e+02
1.930801382064819336e+02
1.937736210823059082e+02
1.944346008300781250e+02
1.951269934177398682e+02
1.958462417125701904e+02
1.965626904964447021e+02
1.972217812538146973e+02
1.979223728179931641e+02
1.986041064262390137e+02
1.992838094234466553e+02
1.999982361793518066e+02
2.006878967285156250e+02
2.013625574111938477e+02
2.020500822067260742e+02
2.027299916744232178e+02
2.034055087566375732e+02
2.040851027965545654e+02
2.047719383239746094e+02
2.054518222808837891e+02
2.061317136287689209e+02
2.068388812541961670e+02
2.075366065502166748e+02
2.082319779396057129e+02
2.089156496524810791e+02
2.095768282413482666e+02
2.102600829601287842e+02
2.110215380191802979e+02
2.116506569385528564e+02
2.123523609638214111e+02
2.130440068244934082e+02
2.137281627655029297e+02
2.144281823635101318e+02
2.151175694465637207e+02
2.158270268440246582e+02
2.165431816577911377e+02
2.172280197143554688e+02
2.179564545154571533e+02
2.186513121128082275e+02
2.193217415809631348e+02
2.200290219783782959e+02
2.207137088775634766e+02
2.214144456386566162e+02
2.221213328838348389e+02
2.228492233753204346e+02
2.235608148574829102e+02
2.242635183334350586e+02
2.249918365478515625e+02
2.256922562122344971e+02
2.264129717350006104e+02
2.271401455402374268e+02
2.278439815044403076e+02
2.285327141284942627e+02
2.292632908821105957e+02
2.299809005260467529e+02
2.306634728908538818e+02
2.313936066627502441e+02
2.321154203414916992e+02
2.328366000652313232e+02
2.335786116123199463e+02
2.343230636119842529e+02
2.350090765953063965e+02
2.357019369602203369e+02
2.364240844249725342e+02
2.371540136337280273e+02
2.378834049701690674e+02
2.385660443305969238e+02
2.392460625171661377e+02
2.399183368682861328e+02
2.405940325260162354e+02
2.413031873703002930e+02
2.420241324901580811e+02
2.427283544540405273e+02
2.434337964057922363e+02
2.441260774135589600e+02
2.448048634529113770e+02
2.454998981952667236e+02
2.462611241340637207e+02
2.468835201263427734e+02
2.475482420921325684e+02
2.482727217674255371e+02
2.489528534412384033e+02
2.496711952686309814e+02
2.503820829391479492e+02
2.510807917118072510e+02
2.517985579967498779e+02
2.525267715454101562e+02
2.532182877063751221e+02
2.539071640968322754e+02
2.546357128620147705e+02
2.553591046333312988e+02
2.560897345542907715e+02
2.568092195987701416e+02
2.575205459594726562e+02
2.582479434013366699e+02
2.589848902225494385e+02
2.596886754035949707e+02
2.603890769481658936e+02
2.610621724128723145e+02
2.617747161388397217e+02
2.624486341476440430e+02
2.631285824775695801e+02
2.637729289531707764e+02
2.644643108844757080e+02
2.651341314315795898e+02
2.658098728656768799e+02
2.665090136528015137e+02
2.672189364433288574e+02
2.678957586288452148e+02
2.685794944763183594e+02
2.692506144046783447e+02
2.699457948207855225e+02
2.706284830570220947e+02
2.713370788097381592e+02
2.720304298400878906e+02
2.726948592662811279e+02
2.734108011722564697e+02
2.741210272312164307e+02
2.748224775791168213e+02
2.755145747661590576e+02
2.762396574020385742e+02
2.768850476741790771e+02
2.775962860584259033e+02
2.782913718223571777e+02
2.790215935707092285e+02
2.797464005947113037e+02
2.804269211292266846e+02
2.812207345962524414e+02
2.818619258403778076e+02
2.825745561122894287e+02
2.832302668094635010e+02
2.839033277034759521e+02
2.845956990718841553e+02
2.852754490375518799e+02
2.859767901897430420e+02
2.866484768390655518e+02
2.873541066646575928e+02
2.880347459316253662e+02
2.887422673702239990e+02
2.894671480655670166e+02
2.901433482170104980e+02
2.908663485050201416e+02
2.915547208786010742e+02
2.922450060844421387e+02
2.929303755760192871e+02
2.936298887729644775e+02
2.943616039752960205e+02
2.950529718399047852e+02
2.957097892761230469e+02
2.963530769348144531e+02
2.970367991924285889e+02
2.977498786449432373e+02
2.984549179077148438e+02
2.991580326557159424e+02
2.998276243209838867e+02
3.005180404186248779e+02
3.012176799774169922e+02
3.019421119689941406e+02
3.026630294322967529e+02
3.033996589183807373e+02
3.041215355396270752e+02
3.048552696704864502e+02
3.055720663070678711e+02
3.062973427772521973e+02
3.070133953094482422e+02
3.077367827892303467e+02
3.084354674816131592e+02
3.091696937084197998e+02
3.098924260139465332e+02
3.106243529319763184e+02
3.112811815738677979e+02
3.119846572875976562e+02
3.126819825172424316e+02
3.133640594482421875e+02
3.140399100780487061e+02
3.147469894886016846e+02
3.154620411396026611e+02
3.162568721771240234e+02
3.169719123840332031e+02
3.176485555171966553e+02
3.183472664356231689e+02
3.190461733341217041e+02
3.197604918479919434e+02
3.204732272624969482e+02
3.211707179546356201e+02
3.218807384967803955e+02
3.225960843563079834e+02
3.232967042922973633e+02
3.239945769309997559e+02
3.246879482269287109e+02
3.254183404445648193e+02
3.261213233470916748e+02
3.268419668674468994e+02
3.275471127033233643e+02
3.282753696441650391e+02
3.289966793060302734e+02
3.296848945617675781e+02
3.303565967082977295e+02
3.310688333511352539e+02
3.317529368400573730e+02
3.324314942359924316e+02
3.331332821846008301e+02
3.338088400363922119e+02
3.345271475315093994e+02
3.352318398952484131e+02
3.359053759574890137e+02
3.366210560798645020e+02
3.373157100677490234e+02
3.380421321392059326e+02
3.387494235038757324e+02
3.394156336784362793e+02
3.400854077339172363e+02
3.407828605175018311e+02
3.414671092033386230e+02
3.421774282455444336e+02
3.428590781688690186e+02
3.435418877601623535e+02
3.442262337207794189e+02
3.449158320426940918e+02
3.456364562511444092e+02
3.463495876789093018e+02
3.470450828075408936e+02
3.477562599182128906e+02
3.484615943431854248e+02
3.491654067039489746e+02
3.498546674251556396e+02
3.504843926429748535e+02
3.512959239482879639e+02
3.519668328762054443e+02
3.526793885231018066e+02
3.533532147407531738e+02
3.540729546546936035e+02
3.547699038982391357e+02
3.554483516216278076e+02
3.562015874385833740e+02
3.568901710510253906e+02
3.575886206626892090e+02
3.582760818004608154e+02
3.589550149440765381e+02
3.596654727458953857e+02
3.603832781314849854e+02
3.610968286991119385e+02
3.617926175594329834e+02
3.625307950973510742e+02
3.632577159404754639e+02
3.640007352828979492e+02
3.647361726760864258e+02
3.654505012035369873e+02
3.661919548511505127e+02
3.668865706920623779e+02
3.675734884738922119e+02
3.683063662052154541e+02
3.689851710796356201e+02
3.696672120094299316e+02
3.703485448360443115e+02
3.710655596256256104e+02
3.717618517875671387e+02
3.724912023544311523e+02
3.731593713760375977e+02
3.738377134799957275e+02
3.745724418163299561e+02
3.753163113594055176e+02
3.760342912673950195e+02
3.767595613002777100e+02
3.774388716220855713e+02
3.781629354953765869e+02
3.788355824947357178e+02
3.795361526012420654e+02
3.802484657764434814e+02
3.809644258022308350e+02
3.816625087261199951e+02
3.823765161037445068e+02
3.830909707546234131e+02
3.837884807586669922e+02
3.845135869979858398e+02
3.851609668731689453e+02
3.858370738029479980e+02
3.866394870281219482e+02
3.873253741264343262e+02
3.880434634685516357e+02
3.887625882625579834e+02
3.894930088520050049e+02
3.902280466556549072e+02
3.909424259662628174e+02
3.916648082733154297e+02
3.923806695938110352e+02
3.931249201297760010e+02
3.938490989208221436e+02
3.945749788284301758e+02
3.952742230892181396e+02
3.959538736343383789e+02
3.966684081554412842e+02
3.973537573814392090e+02
3.980465729236602783e+02
3.987241334915161133e+02
3.994554960727691650e+02
4.001384882926940918e+02
4.008551003932952881e+02
4.015351607799530029e+02
4.022766773700714111e+02
4.029861047267913818e+02
4.037094979286193848e+02
4.043946053981781006e+02
4.050831120014190674e+02
4.057831575870513916e+02
4.065069251060485840e+02
4.072129032611846924e+02
4.079006435871124268e+02
4.086012005805969238e+02
4.092950863838195801e+02
4.099932646751403809e+02
4.107124824523925781e+02
4.114120347499847412e+02
4.121015734672546387e+02
4.128447611331939697e+02
4.135175700187683105e+02
4.142204248905181885e+02
4.149201273918151855e+02
4.156216068267822266e+02
4.163268914222717285e+02
4.170708253383636475e+02
4.177902677059173584e+02
4.184930539131164551e+02
4.192149078845977783e+02
4.199621882438659668e+02
4.206542825698852539e+02
4.213185455799102783e+02
4.221038279533386230e+02
4.228121654987335205e+02
4.235039823055267334e+02
4.241832308769226074e+02
4.248699476718902588e+02
4.255817546844482422e+02
4.262520563602447510e+02
4.269766919612884521e+02
4.276673545837402344e+02
4.283487682342529297e+02
4.290262944698333740e+02
4.297176809310913086e+02
4.304351351261138916e+02
4.311275832653045654e+02
4.318642854690551758e+02
4.325370788574218750e+02
4.332512457370758057e+02
4.339325809478759766e+02
4.346486790180206299e+02
4.353714718818664551e+02
4.360483727455139160e+02
4.367548935413360596e+02
4.374689640998840332e+02
4.381342043876647949e+02
4.388285458087921143e+02
4.395305552482604980e+02
4.402542719841003418e+02
4.409842350482940674e+02
4.416748671531677246e+02
4.424077966213226318e+02
4.431431717872619629e+02
4.438804154396057129e+02
4.446158521175384521e+02
4.453562619686126709e+02
4.460873684883117676e+02
4.468167505264282227e+02
4.474957633018493652e+02
4.481885569095611572e+02
4.488966546058654785e+02
4.496635911464691162e+02
4.503220660686492920e+02
4.510047113895416260e+02
4.516546022891998291e+02
4.523332278728485107e+02
4.530306255817413330e+02
4.537029116153717041e+02
4.544130718708038330e+02
4.551350252628326416e+02
4.558503921031951904e+02
4.565825445652008057e+02
4.573692002296447754e+02
4.580477273464202881e+02
4.587506475448608398e+02
4.594300045967102051e+02
4.601087431907653809e+02
4.608085613250732422e+02
4.615471909046173096e+02
4.622641091346740723e+02
4.629849462509155273e+02
4.636826529502868652e+02
4.643709836006164551e+02
4.650765726566314697e+02
4.657651138305664062e+02
4.665069806575775146e+02
4.672094178199768066e+02
4.679274015426635742e+02
4.686467866897583008e+02
4.693484888076782227e+02
4.700146667957305908e+02
4.706762571334838867e+02
4.713988816738128662e+02
4.721109468936920166e+02
4.728399240970611572e+02
4.735526566505432129e+02
4.742816064357757568e+02
4.750004401206970215e+02
4.757289760112762451e+02
4.764586114883422852e+02
4.771932380199432373e+02
4.779424924850463867e+02
4.786243188381195068e+02
4.793546071052551270e+02
4.800428178310394287e+02
4.807321052551269531e+02
4.814156317710876465e+02
4.821286375522613525e+02
4.828628504276275635e+02
4.835577037334442139e+02
4.842505569458007812e+02
4.849097788333892822e+02
4.856073548793792725e+02
4.862810122966766357e+02
4.869641983509063721e+02
4.876532609462738037e+02
4.883185467720031738e+02
4.890235013961791992e+02
4.897174534797668457e+02
4.903824245929718018e+02
4.910665938854217529e+02
4.917588233947753906e+02
4.925538582801818848e+02
4.932071368694305420e+02
4.939155550003051758e+02
4.946118848323822021e+02
4.953127579689025879e+02
4.959890625476837158e+02
4.966769437789916992e+02
4.973582291603088379e+02
4.980682950019836426e+02
4.988057336807250977e+02
4.994803996086120605e+02
5.001717264652252197e+02
5.008788561820983887e+02
5.015521237850189209e+02
5.022646286487579346e+02
5.029502584934234619e+02
5.036313211917877197e+02
5.043428108692169189e+02
5.050558879375457764e+02
5.057880845069885254e+02
5.064842221736907959e+02
5.071648850440979004e+02
5.078656644821166992e+02
5.085900309085845947e+02
5.093141291141510010e+02
5.100103960037231445e+02
5.107352373600006104e+02
5.114432034492492676e+02
5.121144661903381348e+02
5.127913537025451660e+02
5.134945588111877441e+02
5.141957604885101318e+02
5.148723490238189697e+02
5.155431530475616455e+02
5.162258925437927246e+02
5.169202957153320312e+02
5.176146843433380127e+02
5.182974560260772705e+02
5.189793455600738525e+02
5.196831154823303223e+02
5.203460655212402344e+02
5.210263321399688721e+02
5.217733383178710938e+02
5.224886326789855957e+02
5.232251720428466797e+02
5.239336211681365967e+02
5.246698052883148193e+02
5.254014201164245605e+02
5.261259803771972656e+02
5.268351960182189941e+02
5.276287055015563965e+02
5.283594810962677002e+02
5.291020162105560303e+02
5.298417379856109619e+02
5.305786714553833008e+02
5.313165521621704102e+02
5.320648393630981445e+02
5.327608809471130371e+02
5.334572393894195557e+02
5.341876475811004639e+02
5.348915741443634033e+02
5.355918321609497070e+02
5.362500514984130859e+02
5.369642629623413086e+02
5.376563968658447266e+02
5.383299906253814697e+02
5.390110955238342285e+02
5.396779656410217285e+02
5.403968033790588379e+02
5.410936057567596436e+02
5.417762646675109863e+02
5.425079259872436523e+02
5.432242999076843262e+02
5.439150576591491699e+02
5.446111450195312500e+02
5.453282091617584229e+02
5.460140981674194336e+02
5.467170484066009521e+02
5.474044430255889893e+02
5.480769062042236328e+02
5.488166735172271729e+02
5.495338637828826904e+02
5.502459366321563721e+02
5.509700126647949219e+02
5.516844117641448975e+02
5.523957281112670898e+02
5.531332933902740479e+02
5.538561227321624756e+02
5.545686421394348145e+02
5.552518467903137207e+02
5.559735910892486572e+02
5.566762356758117676e+02
5.573779075145721436e+02
5.581161849498748779e+02
5.588373441696166992e+02
5.595427029132843018e+02
5.602904477119445801e+02
5.610280981063842773e+02
5.617625937461853027e+02
5.624113450050354004e+02
5.631925470829010010e+02
5.638733837604522705e+02
5.645801982879638672e+02
5.653297541141510010e+02
5.660369346141815186e+02
5.667269394397735596e+02
5.674646263122558594e+02
5.681658780574798584e+02
5.688793787956237793e+02
5.696177818775177002e+02
5.703216912746429443e+02
5.710217771530151367e+02
5.717259185314178467e+02
5.723842058181762695e+02
5.730522315502166748e+02
5.737737827301025391e+02
5.744955646991729736e+02
5.752032477855682373e+02
5.759321444034576416e+02
5.766180729866027832e+02
5.773134987354278564e+02
5.780329422950744629e+02
5.787692234516143799e+02
5.794515283107757568e+02
5.801534574031829834e+02
5.808293781280517578e+02
5.815369198322296143e+02
5.822304399013519287e+02
5.829557685852050781e+02
5.836611886024475098e+02
5.843712723255157471e+02
5.851067972183227539e+02
5.858315608501434326e+02
5.865136439800262451e+02
5.872222118377685547e+02
5.879140031337738037e+02
5.886344394683837891e+02
5.893485524654388428e+02
5.900759482383728027e+02
5.908064415454864502e+02
5.914868957996368408e+02
5.922042655944824219e+02
5.929093472957611084e+02
5.935877206325531006e+02
5.943202054500579834e+02
5.949989962577819824e+02
5.956910929679870605e+02
5.964136872291564941e+02
5.971681373119354248e+02
5.978770024776458740e+02
5.986760184764862061e+02
5.993673920631408691e+02
6.000850522518157959e+02
6.008106765747070312e+02
6.015393366813659668e+02
6.021960701942443848e+02
6.029224977493286133e+02
6.036469981670379639e+02
6.043456208705902100e+02
6.050506052970886230e+02
6.057673161029815674e+02
6.064691772460937500e+02
6.072074377536773682e+02
6.079408252239227295e+02
6.086209120750427246e+02
6.093583955764770508e+02
6.100603559017181396e+02
6.107625489234924316e+02
6.114681308269500732e+02
6.122178907394409180e+02
6.129302413463592529e+02
6.136662328243255615e+02
6.143681983947753906e+02
6.150513606071472168e+02
6.157685346603393555e+02
6.164615304470062256e+02
6.171433074474334717e+02
6.179054210186004639e+02
6.186479921340942383e+02
6.194046630859375000e+02
6.201520602703094482e+02
6.208517045974731445e+02
6.215923914909362793e+02
6.222545166015625000e+02
6.229611105918884277e+02
6.236708948612213135e+02
6.244020314216613770e+02
6.251748640537261963e+02
6.259468953609466553e+02
6.266763644218444824e+02
6.273811490535736084e+02
6.280724139213562012e+02
6.287546720504760742e+02
6.294549338817596436e+02
6.301434848308563232e+02
6.308596241474151611e+02
6.315294141769409180e+02
6.322271254062652588e+02
6.329877519607543945e+02
6.336718440055847168e+02
6.344692409038543701e+02
6.351157631874084473e+02
6.358051528930664062e+02
6.364980728626251221e+02
6.371880395412445068e+02
6.378756508827209473e+02
6.386018362045288086e+02
6.393377380371093750e+02
6.400475182533264160e+02
6.408069863319396973e+02
6.415896484851837158e+02
6.423396310806274414e+02
6.430883088111877441e+02
6.438232412338256836e+02
6.445416672229766846e+02
6.452966034412384033e+02
6.460132036209106445e+02
6.467563428878784180e+02
6.475063416957855225e+02
6.482474491596221924e+02
6.489959540367126465e+02
6.497353317737579346e+02
6.505099203586578369e+02
6.512495934963226318e+02
6.519981777667999268e+02
6.527589321136474609e+02
6.534902298450469971e+02
6.542345097064971924e+02
6.549276955127716064e+02
6.556357536315917969e+02
6.563154885768890381e+02
6.570523264408111572e+02
6.578037796020507812e+02
6.585346310138702393e+02
6.592615389823913574e+02
6.599360260963439941e+02
6.606384329795837402e+02
6.613643705844879150e+02
6.620971910953521729e+02
6.627958619594573975e+02
6.634717843532562256e+02
6.641945493221282959e+02
6.648675937652587891e+02
6.656054785251617432e+02
6.663008339405059814e+02
6.670190396308898926e+02
6.677360110282897949e+02
6.684505836963653564e+02
6.691394877433776855e+02
6.698698625564575195e+02
6.706547124385833740e+02
6.713435931205749512e+02
6.720392360687255859e+02
6.727554404735565186e+02
6.734555139541625977e+02
6.741769444942474365e+02
6.748574500083923340e+02
6.755931980609893799e+02
6.763138859272003174e+02
6.769879300594329834e+02
6.777118527889251709e+02
6.784140667915344238e+02
6.790967016220092773e+02
6.797964298725128174e+02
6.805260441303253174e+02
6.811856436729431152e+02
6.818932821750640869e+02
6.825601379871368408e+02
6.833257479667663574e+02
6.840204594135284424e+02
6.846908676624298096e+02
6.853813836574554443e+02
6.860733854770660400e+02
6.868136985301971436e+02
6.875527846813201904e+02
6.882810537815093994e+02
6.890055854320526123e+02
6.897344126701354980e+02
6.904707393646240234e+02
6.912010471820831299e+02
6.919355602264404297e+02
6.926322710514068604e+02
6.933384816646575928e+02
6.940860009193420410e+02
6.948384654521942139e+02
6.955481050014495850e+02
6.962636680603027344e+02
6.969583032131195068e+02
6.976601054668426514e+02
6.983486847877502441e+02
6.990884678363800049e+02
6.998375771045684814e+02
7.005353839397430420e+02
7.012254800796508789e+02
7.019337120056152344e+02
7.026745002269744873e+02
7.033702011108398438e+02
7.040284287929534912e+02
7.047055609226226807e+02
