8.219859600067138672e-01
1.262597084045410156e+00
1.702734708786010742e+00
2.119175195693969727e+00
2.548787117004394531e+00
2.959838390350341797e+00
3.364687919616699219e+00
3.783363103866577148e+00
4.193948984146118164e+00
4.616060495376586914e+00
5.031220436096191406e+00
5.459080457687377930e+00
5.875650405883789062e+00
6.293733358383178711e+00
6.717167377471923828e+00
7.136787176132202148e+00
7.549212694168090820e+00
7.969578266143798828e+00
8.389277219772338867e+00
8.813458204269409180e+00
9.235635995864868164e+00
9.659300565719604492e+00
1.008217954635620117e+01
1.051447010040283203e+01
1.094400954246520996e+01
1.135217475891113281e+01
1.176658010482788086e+01
1.219271731376647949e+01
1.260774540901184082e+01
1.303428149223327637e+01
1.343996667861938477e+01
1.387378025054931641e+01
1.429447007179260254e+01
1.471668529510498047e+01
1.514137721061706543e+01
1.555917549133300781e+01
1.598204493522644043e+01
1.639967775344848633e+01
1.683668732643127441e+01
1.725331330299377441e+01
1.768109583854675293e+01
1.809450292587280273e+01
1.852562117576599121e+01
1.895050621032714844e+01
1.937077283859252930e+01
1.980121421813964844e+01
2.021157240867614746e+01
2.064802598953247070e+01
2.106018471717834473e+01
2.147549152374267578e+01
2.193584871292114258e+01
2.239888310432434082e+01
2.283964729309082031e+01
2.326025676727294922e+01
2.368219232559204102e+01
2.410685563087463379e+01
2.453055524826049805e+01
2.493827462196350098e+01
2.535567641258239746e+01
2.577926516532897949e+01
2.620296478271484375e+01
2.662577390670776367e+01
2.706788396835327148e+01
2.748101949691772461e+01
2.790328359603881836e+01
2.833238792419433594e+01
2.874498128890991211e+01
2.915848374366760254e+01
2.957107639312744141e+01
3.000067830085754395e+01
3.042727136611938477e+01
3.084842014312744141e+01
3.127189373970031738e+01
3.169025063514709473e+01
3.211224365234375000e+01
3.253127217292785645e+01
3.295652604103088379e+01
3.338123798370361328e+01
3.379806280136108398e+01
3.422432112693786621e+01
3.464300799369812012e+01
3.506460499763488770e+01
3.549210023880004883e+01
3.591467785835266113e+01
3.633436083793640137e+01
3.675294494628906250e+01
3.718819022178649902e+01
3.761037874221801758e+01
3.803513002395629883e+01
3.846079039573669434e+01
3.888375067710876465e+01
3.930470705032348633e+01
3.973247694969177246e+01
4.014847946166992188e+01
4.055041074752807617e+01
4.095813655853271484e+01
4.137664794921875000e+01
4.179794502258300781e+01
4.222945237159729004e+01
4.263955616950988770e+01
4.310027742385864258e+01
4.355583572387695312e+01
4.400339722633361816e+01
4.442651915550231934e+01
4.484405755996704102e+01
4.525901389122009277e+01
4.569972920417785645e+01
4.613184142112731934e+01
4.654613780975341797e+01
4.696717286109924316e+01
4.738367271423339844e+01
4.781214451789855957e+01
4.823558187484741211e+01
4.865058398246765137e+01
4.907733345031738281e+01
4.950046086311340332e+01
4.991642761230468750e+01
5.034239292144775391e+01
5.075457262992858887e+01
5.118125033378601074e+01
5.160392475128173828e+01
5.201771497726440430e+01
5.242935538291931152e+01
5.285886001586914062e+01
5.328911018371582031e+01
5.369659495353698730e+01
5.411740875244140625e+01
5.453709030151367188e+01
5.494576525688171387e+01
5.534958839416503906e+01
5.577348065376281738e+01
5.618659591674804688e+01
5.660240817070007324e+01
5.703823208808898926e+01
5.745415878295898438e+01
5.787343049049377441e+01
5.829208898544311523e+01
5.870802998542785645e+01
5.913065528869628906e+01
5.955479931831359863e+01
5.997294902801513672e+01
6.039450454711914062e+01
6.083293890953063965e+01
6.125172638893127441e+01
6.166532802581787109e+01
6.208794474601745605e+01
6.250810146331787109e+01
6.293230366706848145e+01
6.335528278350830078e+01
6.375925278663635254e+01
6.422405290603637695e+01
6.469192290306091309e+01
6.513056468963623047e+01
6.555420613288879395e+01
6.597658395767211914e+01
6.640239119529724121e+01
6.682791972160339355e+01
6.724340748786926270e+01
6.766052317619323730e+01
6.809178996086120605e+01
6.851267075538635254e+01
6.894534659385681152e+01
6.936299753189086914e+01
6.977816581726074219e+01
7.019662284851074219e+01
7.062103247642517090e+01
7.103734779357910156e+01
7.145948338508605957e+01
7.187746071815490723e+01
7.230367994308471680e+01
7.272082853317260742e+01
7.314500617980957031e+01
7.355717372894287109e+01
7.397541046142578125e+01
7.439638113975524902e+01
7.481084847450256348e+01
7.522524929046630859e+01
7.564667177200317383e+01
7.606402659416198730e+01
7.649373888969421387e+01
7.690387558937072754e+01
7.731476950645446777e+01
7.773420429229736328e+01
7.816410183906555176e+01
7.858894228935241699e+01
7.902678370475769043e+01
7.945381188392639160e+01
7.986267828941345215e+01
8.028295421600341797e+01
8.071476340293884277e+01
8.114387679100036621e+01
8.157133984565734863e+01
8.200033211708068848e+01
8.242151045799255371e+01
8.285077261924743652e+01
8.326315999031066895e+01
8.370094943046569824e+01
8.412995553016662598e+01
8.456704688072204590e+01
8.498974299430847168e+01
8.546655821800231934e+01
8.592135930061340332e+01
8.636782693862915039e+01
8.679722809791564941e+01
8.721685290336608887e+01
8.763763284683227539e+01
8.806367897987365723e+01
8.849351620674133301e+01
8.891955542564392090e+01
8.932800936698913574e+01
8.974359035491943359e+01
9.017836117744445801e+01
9.059256339073181152e+01
9.103880310058593750e+01
9.146183609962463379e+01
9.187896180152893066e+01
9.228798174858093262e+01
9.270815730094909668e+01
9.313569355010986328e+01
9.355020523071289062e+01
9.397097277641296387e+01
9.439392423629760742e+01
9.482336235046386719e+01
9.523590373992919922e+01
9.565600919723510742e+01
9.606961941719055176e+01
9.649660325050354004e+01
9.691857290267944336e+01
9.734073519706726074e+01
9.776349353790283203e+01
9.818931031227111816e+01
9.860874080657958984e+01
9.903607773780822754e+01
9.945848536491394043e+01
9.987277317047119141e+01
1.002956027984619141e+02
1.007249152660369873e+02
1.011502220630645752e+02
1.015681514739990234e+02
1.019886021614074707e+02
1.024064602851867676e+02
1.028251082897186279e+02
1.032489819526672363e+02
1.036664714813232422e+02
1.040771653652191162e+02
1.044976625442504883e+02
1.049100108146667480e+02
1.053357601165771484e+02
1.057677950859069824e+02
1.061868140697479248e+02
1.066590502262115479e+02
1.070963902473449707e+02
1.075356850624084473e+02
1.079504261016845703e+02
1.083694586753845215e+02
1.087946715354919434e+02
1.092196733951568604e+02
1.096282324790954590e+02
1.100429251194000244e+02
1.104608988761901855e+02
1.108819010257720947e+02
1.113036437034606934e+02
1.117337760925292969e+02
1.121502261161804199e+02
1.125643870830535889e+02
1.129935131072998047e+02
1.134229905605316162e+02
1.138398437500000000e+02
1.142529745101928711e+02
1.146661162376403809e+02
1.150901839733123779e+02
1.155049350261688232e+02
1.159431540966033936e+02
1.163557434082031250e+02
1.167707085609436035e+02
1.171850039958953857e+02
1.176094841957092285e+02
1.180365071296691895e+02
1.184510998725891113e+02
1.188674030303955078e+02
1.192846283912658691e+02
1.197063584327697754e+02
1.201345052719116211e+02
1.205493407249450684e+02
1.209798533916473389e+02
1.214044377803802490e+02
1.218260166645050049e+02
1.222433764934539795e+02
1.226653842926025391e+02
1.230933103561401367e+02
1.235301105976104736e+02
1.239603314399719238e+02
1.243785593509674072e+02
1.248153405189514160e+02
1.252463428974151611e+02
1.256696062088012695e+02
1.260836706161499023e+02
1.265013749599456787e+02
1.269376699924468994e+02
1.273721666336059570e+02
1.278393647670745850e+02
1.282931578159332275e+02
1.287375288009643555e+02
1.291480300426483154e+02
1.295724413394927979e+02
1.300016152858734131e+02
1.304267890453338623e+02
1.308564686775207520e+02
1.312799382209777832e+02
1.317057065963745117e+02
1.321328623294830322e+02
1.325615839958190918e+02
1.329729046821594238e+02
1.333992197513580322e+02
1.338341801166534424e+02
1.342657592296600342e+02
1.346944363117218018e+02
1.351212952136993408e+02
1.355393111705780029e+02
1.359644248485565186e+02
1.363769545555114746e+02
1.368074359893798828e+02
1.372242510318756104e+02
1.376426675319671631e+02
1.380654766559600830e+02
1.384955372810363770e+02
1.389175744056701660e+02
1.393417360782623291e+02
1.397536382675170898e+02
1.401774501800537109e+02
1.405918571949005127e+02
1.410204896926879883e+02
1.414280550479888916e+02
1.418594741821289062e+02
1.422700479030609131e+02
1.426931307315826416e+02
1.431099560260772705e+02
1.435415446758270264e+02
1.439627342224121094e+02
1.443775885105133057e+02
1.447980639934539795e+02
1.452150294780731201e+02
1.456337153911590576e+02
1.460511448383331299e+02
1.464686076641082764e+02
1.468984792232513428e+02
1.473123028278350830e+02
1.477344193458557129e+02
1.481554989814758301e+02
1.485733923912048340e+02
1.490305867195129395e+02
1.494949216842651367e+02
1.499353065490722656e+02
1.503933908939361572e+02
1.508106136322021484e+02
1.512274980545043945e+02
1.516533427238464355e+02
1.520765230655670166e+02
1.524877011775970459e+02
1.529110128879547119e+02
1.533310413360595703e+02
1.537518219947814941e+02
1.541688003540039062e+02
1.545916328430175781e+02
1.550004315376281738e+02
1.554228737354278564e+02
1.558486039638519287e+02
1.562689270973205566e+02
1.566915597915649414e+02
1.571067056655883789e+02
1.575466902256011963e+02
1.579698722362518311e+02
1.583836951255798340e+02
1.588016390800476074e+02
1.592413847446441650e+02
1.596610307693481445e+02
1.600912797451019287e+02
1.605241951942443848e+02
1.609518840312957764e+02
1.613685002326965332e+02
1.617948899269104004e+02
1.622117524147033691e+02
1.626454093456268311e+02
1.630620799064636230e+02
1.634826369285583496e+02
1.639075360298156738e+02
1.643631820678710938e+02
1.647988739013671875e+02
1.652170784473419189e+02
1.656404674053192139e+02
1.660471184253692627e+02
1.664674701690673828e+02
1.668939449787139893e+02
1.673064565658569336e+02
1.677272517681121826e+02
1.681466612815856934e+02
1.685688953399658203e+02
1.689894852638244629e+02
1.694260556697845459e+02
1.698408250808715820e+02
1.703104872703552246e+02
1.707594668865203857e+02
1.712098448276519775e+02
1.716387159824371338e+02
1.720646915435791016e+02
1.724789681434631348e+02
1.729011478424072266e+02
1.733252434730529785e+02
1.737417685985565186e+02
1.741589684486389160e+02
1.745666611194610596e+02
1.750001246929168701e+02
1.754536674022674561e+02
1.758916141986846924e+02
1.763205835819244385e+02
1.767552244663238525e+02
1.771735920906066895e+02
1.776166574954986572e+02
1.780512406826019287e+02
1.784985117912292480e+02
1.789390783309936523e+02
1.793709757328033447e+02
1.797978024482727051e+02
1.802298116683959961e+02
1.806576108932495117e+02
1.810720245838165283e+02
1.814874148368835449e+02
1.819046151638031006e+02
1.823185458183288574e+02
1.827363026142120361e+02
1.831636598110198975e+02
1.835889887809753418e+02
1.840071575641632080e+02
1.844362809658050537e+02
1.848562030792236328e+02
1.852942502498626709e+02
1.857080755233764648e+02
1.861309149265289307e+02
1.865447287559509277e+02
1.869591405391693115e+02
1.873824756145477295e+02
1.878084318637847900e+02
1.882355539798736572e+02
1.886725473403930664e+02
1.890890600681304932e+02
1.895055882930755615e+02
1.899329164028167725e+02
1.903615503311157227e+02
1.907790973186492920e+02
1.911901540756225586e+02
1.916618707180023193e+02
1.921250195503234863e+02
1.925779368877410889e+02
1.930072157382965088e+02
1.934236958026885986e+02
1.938539733886718750e+02
1.942820971012115479e+02
1.947028057575225830e+02
1.951257786750793457e+02
1.955658318996429443e+02
1.959861390590667725e+02
1.963967771530151367e+02
1.968200917243957520e+02
1.972480878829956055e+02
1.976593089103698730e+02
1.980934989452362061e+02
1.985159535408020020e+02
1.989367446899414062e+02
1.993576374053955078e+02
1.997888114452362061e+02
2.002075734138488770e+02
2.006432404518127441e+02
2.010695729255676270e+02
2.014894342422485352e+02
2.019074518680572510e+02
2.023269417285919189e+02
2.027483496665954590e+02
2.031719017028808594e+02
2.035922172069549561e+02
2.039998736381530762e+02
2.044346201419830322e+02
2.048584742546081543e+02
2.052909958362579346e+02
2.057180697917938232e+02
2.061467807292938232e+02
2.065723214149475098e+02
2.069968502521514893e+02
2.074273090362548828e+02
2.078465349674224854e+02
2.082724277973175049e+02
2.086872611045837402e+02
2.091252470016479492e+02
2.095705492496490479e+02
2.099863150119781494e+02
2.104299042224884033e+02
2.108475768566131592e+02
2.112646181583404541e+02
2.116883656978607178e+02
2.121082909107208252e+02
2.125374145507812500e+02
2.130178136825561523e+02
2.134788293838500977e+02
2.139257657527923584e+02
2.143667924404144287e+02
2.147793555259704590e+02
2.152113757133483887e+02
2.156326806545257568e+02
2.160576369762420654e+02
2.164774131774902344e+02
2.169100499153137207e+02
2.173445889949798584e+02
2.177718150615692139e+02
2.181973035335540771e+02
2.186099741458892822e+02
2.190388510227203369e+02
2.194642677307128906e+02
2.198915219306945801e+02
2.203188810348510742e+02
2.207333564758300781e+02
2.211460604667663574e+02
2.215618977546691895e+02
2.220003964900970459e+02
2.224296782016754150e+02
2.228456821441650391e+02
2.232796976566314697e+02
2.236982734203338623e+02
2.241232724189758301e+02
2.245341870784759521e+02
2.249553172588348389e+02
2.253780930042266846e+02
2.258043217658996582e+02
2.262270469665527344e+02
2.266500277519226074e+02
2.270788238048553467e+02
2.275068669319152832e+02
2.279443416595458984e+02
2.283634338378906250e+02
2.287900078296661377e+02
2.291988468170166016e+02
2.296291160583496094e+02
2.300492560863494873e+02
2.304730372428894043e+02
2.308972270488739014e+02
2.313131127357482910e+02
2.317289819717407227e+02
2.321430933475494385e+02
2.325737652778625488e+02
2.329934844970703125e+02
2.334240059852600098e+02
2.338409922122955322e+02
2.343103411197662354e+02
2.347778062820434570e+02
2.352359735965728760e+02
2.356685934066772461e+02
2.360920541286468506e+02
2.365392770767211914e+02
2.369622797966003418e+02
2.373906109333038330e+02
2.378214740753173828e+02
2.382559478282928467e+02
2.386834149360656738e+02
2.391042203903198242e+02
2.395283744335174561e+02
2.399581971168518066e+02
2.403730428218841553e+02
2.407963840961456299e+02
2.412246024608612061e+02
2.416570954322814941e+02
2.420701198577880859e+02
2.424971997737884521e+02
2.429336769580841064e+02
2.433516421318054199e+02
2.437732455730438232e+02
2.441905908584594727e+02
2.446198372840881348e+02
2.450538756847381592e+02
2.454759843349456787e+02
2.459083740711212158e+02
2.463269898891448975e+02
2.467463827133178711e+02
2.471724636554718018e+02
2.475925707817077637e+02
2.480123925209045410e+02
2.484295630455017090e+02
2.488529496192932129e+02
2.492830119132995605e+02
2.497091555595397949e+02
2.501199605464935303e+02
2.505421137809753418e+02
2.509634177684783936e+02
2.513757417201995850e+02
2.517960715293884277e+02
2.522308857440948486e+02
2.526534099578857422e+02
2.530666193962097168e+02
2.535153851509094238e+02
2.539400718212127686e+02
2.543582265377044678e+02
2.547890510559082031e+02
2.552242124080657959e+02
2.556792550086975098e+02
2.561197257041931152e+02
2.565633943080902100e+02
2.569851069450378418e+02
2.574198026657104492e+02
2.578407871723175049e+02
2.582702734470367432e+02
2.586950616836547852e+02
2.591153678894042969e+02
2.595434262752532959e+02
2.599736230373382568e+02
2.604042737483978271e+02
2.608251655101776123e+02
2.612549743652343750e+02
2.616837263107299805e+02
2.621359829902648926e+02
2.625500066280364990e+02
2.629786741733551025e+02
2.633929967880249023e+02
2.638292725086212158e+02
2.642558920383453369e+02
2.646757111549377441e+02
2.650993030071258545e+02
2.655250394344329834e+02
2.659377624988555908e+02
2.663671452999114990e+02
2.667877652645111084e+02
2.672033519744873047e+02
2.676275844573974609e+02
2.680477714538574219e+02
2.684681630134582520e+02
2.688936843872070312e+02
2.693173835277557373e+02
2.697521657943725586e+02
2.701816279888153076e+02
2.706102545261383057e+02
2.710562198162078857e+02
2.714691016674041748e+02
2.718915038108825684e+02
2.723100776672363281e+02
2.727407650947570801e+02
2.731553905010223389e+02
2.735769636631011963e+02
2.740122447013854980e+02
2.744416201114654541e+02
2.748669292926788330e+02
2.752913200855255127e+02
2.757161872386932373e+02
2.761397111415863037e+02
2.765719306468963623e+02
2.770409870147705078e+02
2.774905183315277100e+02
2.779538171291351318e+02
2.783797037601470947e+02
2.788060379028320312e+02
2.792372016906738281e+02
2.796532022953033447e+02
2.800676150321960449e+02
2.804961700439453125e+02
2.809317402839660645e+02
2.813655569553375244e+02
2.817866876125335693e+02
2.822042424678802490e+02
2.826370096206665039e+02
2.830626766681671143e+02
2.834771635532379150e+02
2.839070992469787598e+02
2.843343536853790283e+02
2.847612676620483398e+02
2.851749439239501953e+02
2.856030216217041016e+02
2.860270667076110840e+02
2.864509203433990479e+02
2.868907110691070557e+02
2.873151922225952148e+02
2.877381429672241211e+02
2.881549592018127441e+02
2.885796678066253662e+02
2.890094637870788574e+02
2.894353413581848145e+02
2.898663110733032227e+02
2.902957973480224609e+02
2.907274348735809326e+02
2.911358268260955811e+02
2.915600314140319824e+02
2.919890649318695068e+02
2.924115197658538818e+02
2.928354344367980957e+02
2.932615158557891846e+02
2.936901950836181641e+02
2.941013693809509277e+02
2.945205819606781006e+02
2.949441707134246826e+02
2.953672730922698975e+02
2.958086888790130615e+02
2.962173054218292236e+02
2.966387045383453369e+02
2.970599153041839600e+02
2.974807908535003662e+02
2.979031455516815186e+02
2.983854010105133057e+02
2.988385617733001709e+02
2.992868065834045410e+02
2.997163915634155273e+02
3.001466526985168457e+02
3.005652315616607666e+02
3.009852890968322754e+02
3.013903169631958008e+02
3.018116257190704346e+02
3.022263977527618408e+02
3.026616861820220947e+02
3.031038672924041748e+02
3.035279641151428223e+02
3.039583864212036133e+02
3.043715877532958984e+02
3.047826559543609619e+02
3.052232823371887207e+02
3.056539306640625000e+02
3.060707411766052246e+02
3.064913232326507568e+02
3.069205214977264404e+02
3.073460752964019775e+02
3.077781207561492920e+02
3.082128162384033203e+02
3.086237368583679199e+02
3.090425164699554443e+02
3.094600889682769775e+02
3.098753330707550049e+02
3.102965917587280273e+02
3.107282235622406006e+02
3.111514215469360352e+02
3.115931503772735596e+02
3.120283343791961670e+02
3.124522290229797363e+02
3.128681852817535400e+02
3.132904813289642334e+02
3.137074868679046631e+02
3.141161141395568848e+02
3.145386683940887451e+02
3.149691417217254639e+02
3.153871388435363770e+02
3.158084042072296143e+02
3.162460653781890869e+02
3.166639263629913330e+02
3.170951573848724365e+02
3.175297710895538330e+02
3.179551703929901123e+02
3.183807728290557861e+02
3.187818903923034668e+02
3.192030975818634033e+02
3.196764097213745117e+02
3.201224474906921387e+02
3.205860748291015625e+02
3.210270748138427734e+02
3.214436917304992676e+02
3.218782777786254883e+02
3.222993755340576172e+02
3.227235491275787354e+02
3.231451427936553955e+02
3.235719482898712158e+02
3.240046498775482178e+02
3.244261109828948975e+02
3.248498194217681885e+02
3.252697534561157227e+02
3.256921017169952393e+02
3.261078286170959473e+02
3.265369417667388916e+02
3.269598817825317383e+02
3.273925530910491943e+02
3.278090815544128418e+02
3.282295477390289307e+02
3.286583089828491211e+02
3.290779409408569336e+02
3.295013930797576904e+02
3.299191124439239502e+02
3.303505623340606689e+02
3.307735924720764160e+02
3.311931390762329102e+02
3.316089630126953125e+02
3.320393624305725098e+02
3.324566826820373535e+02
3.329016952514648438e+02
3.333304944038391113e+02
3.337522788047790527e+02
3.341655383110046387e+02
3.345969283580780029e+02
3.350276737213134766e+02
3.354613440036773682e+02
3.358905858993530273e+02
3.363056137561798096e+02
3.367278463840484619e+02
3.371551694869995117e+02
3.375918061733245850e+02
3.380246298313140869e+02
3.384416861534118652e+02
3.388592407703399658e+02
3.392823712825775146e+02
3.397204573154449463e+02
3.401442394256591797e+02
3.405799114704132080e+02
3.410395743846893311e+02
3.415106399059295654e+02
3.419696652889251709e+02
3.423962492942810059e+02
3.428271532058715820e+02
3.432573144435882568e+02
3.436884319782257080e+02
3.441260027885437012e+02
3.445512535572052002e+02
3.449776446819305420e+02
3.454031312465667725e+02
3.458265435695648193e+02
3.462514655590057373e+02
3.466830356121063232e+02
3.471010730266571045e+02
3.475164747238159180e+02
3.479581129550933838e+02
3.483772313594818115e+02
3.487944972515106201e+02
3.492323937416076660e+02
3.496769084930419922e+02
3.501000926494598389e+02
3.505312125682830811e+02
3.509513962268829346e+02
3.513778600692749023e+02
3.518009004592895508e+02
3.522265818119049072e+02
3.526314814090728760e+02
3.530501904487609863e+02
3.534719083309173584e+02
3.538945944309234619e+02
3.543239593505859375e+02
3.547397122383117676e+02
3.551649580001831055e+02
3.555889282226562500e+02
3.560206968784332275e+02
3.564429473876953125e+02
3.568583731651306152e+02
3.572879502773284912e+02
3.577238898277282715e+02
3.581536107063293457e+02
3.585778734683990479e+02
3.590025403499603271e+02
3.594422001838684082e+02
3.598694067001342773e+02
3.602845280170440674e+02
3.607078139781951904e+02
3.611328198909759521e+02
3.615608766078948975e+02
3.619802980422973633e+02
3.624550714492797852e+02
3.629313855171203613e+02
3.633815023899078369e+02
3.638129768371582031e+02
3.642342598438262939e+02
3.646671733856201172e+02
3.651000404357910156e+02
3.655181264877319336e+02
3.659672899246215820e+02
3.664055137634277344e+02
3.668531949520111084e+02
3.672797214984893799e+02
3.677123529911041260e+02
3.681386954784393311e+02
3.685626761913299561e+02
3.689865493774414062e+02
3.694242515563964844e+02
3.698538770675659180e+02
3.702811319828033447e+02
3.707190022468566895e+02
3.711403183937072754e+02
3.715637927055358887e+02
3.719970300197601318e+02
3.724315569400787354e+02
3.728581292629241943e+02
3.732933359146118164e+02
3.737151339054107666e+02
3.741422283649444580e+02
3.745725653171539307e+02
3.749995181560516357e+02
3.754409806728363037e+02
3.758590946197509766e+02
3.762930123805999756e+02
3.767246928215026855e+02
3.771408975124359131e+02
3.775674879550933838e+02
3.779963243007659912e+02
3.784254288673400879e+02
3.788676660060882568e+02
3.792973451614379883e+02
3.797178988456726074e+02
3.801429023742675781e+02
3.805698935985565186e+02
3.810018088817596436e+02
3.814347305297851562e+02
3.818811156749725342e+02
3.822972247600555420e+02
3.827251582145690918e+02
3.831415135860443115e+02
3.835610420703887939e+02
3.840299167633056641e+02
3.844924781322479248e+02
3.849486379623413086e+02
3.854007892608642578e+02
3.858297436237335205e+02
3.862581686973571777e+02
3.866803131103515625e+02
3.871045789718627930e+02
3.875397689342498779e+02
3.879718086719512939e+02
3.883961274623870850e+02
3.888122582435607910e+02
3.892312204837799072e+02
3.896575574874877930e+02
3.900784206390380859e+02
3.905164315700531006e+02
3.909323699474334717e+02
3.913625357151031494e+02
3.917910001277923584e+02
3.922193555831909180e+02
3.926513774394989014e+02
3.930754368305206299e+02
3.934984092712402344e+02
3.939229888916015625e+02
3.943381710052490234e+02
3.947679710388183594e+02
3.952042772769927979e+02
3.956371054649353027e+02
3.960555553436279297e+02
3.964758386611938477e+02
3.968983044624328613e+02
3.973252239227294922e+02
3.977628057003021240e+02
3.981967146396636963e+02
3.986264765262603760e+02
3.990533161163330078e+02
3.994766817092895508e+02
3.999016723632812500e+02
4.003227765560150146e+02
4.007486925125122070e+02
4.011808156967163086e+02
4.016171209812164307e+02
4.020597510337829590e+02
4.024779748916625977e+02
4.029089455604553223e+02
4.033332278728485107e+02
4.037664067745208740e+02
4.041862556934356689e+02
4.046077513694763184e+02
4.050364067554473877e+02
4.055095837116241455e+02
4.059876303672790527e+02
4.064359157085418701e+02
4.068680458068847656e+02
4.072950518131256104e+02
4.077316980361938477e+02
4.081630456447601318e+02
4.085993983745574951e+02
4.090203890800476074e+02
4.094457426071166992e+02
4.098739178180694580e+02
4.102930457592010498e+02
4.107123749256134033e+02
4.111390872001647949e+02
4.115607237815856934e+02
4.119863669872283936e+02
4.124086902141571045e+02
4.128340644836425781e+02
4.132532665729522705e+02
4.136793942451477051e+02
4.141091408729553223e+02
4.145320575237274170e+02
4.149720733165740967e+02
4.153915531635284424e+02
4.158167948722839355e+02
4.162332856655120850e+02
4.166584432125091553e+02
4.170821635723114014e+02
4.175170502662658691e+02
4.179389250278472900e+02
4.183727498054504395e+02
4.188148856163024902e+02
4.192442581653594971e+02
4.196697220802307129e+02
4.201008272171020508e+02
4.205335891246795654e+02
4.209648368358612061e+02
4.213864634037017822e+02
4.218202331066131592e+02
4.222602591514587402e+02
4.226862053871154785e+02
4.231045043468475342e+02
4.235270819664001465e+02
4.239512524604797363e+02
4.243760182857513428e+02
4.248146977424621582e+02
4.252502851486206055e+02
4.256583101749420166e+02
4.260843861103057861e+02
4.265103471279144287e+02
