0.000000000000000000e+00
9.305167198181152344e-01
1.349446058273315430e+00
1.751595258712768555e+00
2.553970813751220703e+00
2.985113620758056641e+00
3.415479421615600586e+00
3.844324588775634766e+00
4.683936595916748047e+00
5.116066455841064453e+00
5.549640178680419922e+00
5.975047349929809570e+00
6.792212724685668945e+00
7.217089653015136719e+00
7.622198820114135742e+00
8.036778926849365234e+00
8.857723474502563477e+00
9.283768415451049805e+00
9.709630012512207031e+00
1.013201522827148438e+01
1.094863033294677734e+01
1.136741280555725098e+01
1.179740285873413086e+01
1.221906542778015137e+01
1.305876660346984863e+01
1.347139406204223633e+01
1.389623713493347168e+01
1.430904412269592285e+01
1.512857961654663086e+01
1.554913592338562012e+01
1.596904516220092773e+01
1.637244606018066406e+01
1.719394755363464355e+01
1.761577939987182617e+01
1.803491353988647461e+01
1.845190143585205078e+01
1.927590632438659668e+01
1.969395494461059570e+01
2.011095952987670898e+01
2.053233766555786133e+01
2.135685133934020996e+01
2.177050876617431641e+01
2.218086910247802734e+01
2.259790229797363281e+01
2.343307280540466309e+01
2.384242963790893555e+01
2.425574064254760742e+01
2.466469740867614746e+01
2.550384354591369629e+01
2.591888666152954102e+01
2.634457659721374512e+01
2.678164315223693848e+01
2.760193443298339844e+01
2.802418065071105957e+01
2.843821525573730469e+01
2.886360406875610352e+01
2.969308900833129883e+01
3.012074542045593262e+01
3.054571676254272461e+01
3.097076463699340820e+01
3.181887459754943848e+01
3.224728274345397949e+01
3.266862130165100098e+01
3.309213519096374512e+01
3.390851593017578125e+01
3.433724999427795410e+01
3.476414370536804199e+01
3.518713140487670898e+01
3.601342272758483887e+01
3.643959236145019531e+01
3.685032129287719727e+01
3.727078199386596680e+01
3.809848403930664062e+01
3.852045106887817383e+01
3.894935178756713867e+01
3.936908030509948730e+01
4.020713996887207031e+01
4.063648986816406250e+01
4.106804990768432617e+01
4.148850870132446289e+01
4.233281183242797852e+01
4.276234173774719238e+01
4.316439485549926758e+01
4.358589029312133789e+01
4.439432597160339355e+01
4.482208442687988281e+01
4.525444316864013672e+01
4.567677593231201172e+01
4.651418042182922363e+01
4.694282531738281250e+01
4.737272262573242188e+01
4.779579019546508789e+01
4.863275718688964844e+01
4.906347131729125977e+01
4.948041844367980957e+01
4.989880871772766113e+01
5.072238779067993164e+01
5.113352799415588379e+01
5.155358242988586426e+01
5.197996330261230469e+01
5.280579090118408203e+01
5.324124288558959961e+01
5.365922927856445312e+01
5.405348300933837891e+01
5.486018490791320801e+01
5.526346421241760254e+01
5.568649530410766602e+01
5.610051774978637695e+01
5.693473434448242188e+01
5.735484814643859863e+01
5.777780747413635254e+01
5.820371580123901367e+01
5.903514313697814941e+01
5.946223974227905273e+01
5.987331557273864746e+01
6.028761267662048340e+01
6.111571550369262695e+01
6.154157662391662598e+01
6.195829176902770996e+01
6.238137125968933105e+01
6.321475863456726074e+01
6.359003257751464844e+01
6.401716542243957520e+01
6.443683886528015137e+01
6.526049876213073730e+01
6.568731999397277832e+01
6.610326051712036133e+01
6.652212119102478027e+01
6.734966707229614258e+01
6.775748252868652344e+01
6.816709017753601074e+01
6.858441829681396484e+01
6.941675806045532227e+01
6.984303760528564453e+01
7.026706719398498535e+01
7.068981075286865234e+01
7.149293184280395508e+01
7.191492652893066406e+01
7.233043336868286133e+01
7.275282645225524902e+01
7.357203722000122070e+01
7.399276685714721680e+01
7.441866707801818848e+01
7.483391666412353516e+01
7.566030454635620117e+01
7.607769560813903809e+01
7.650082087516784668e+01
7.692109179496765137e+01
7.773944425582885742e+01
7.816351771354675293e+01
7.858733987808227539e+01
7.902131175994873047e+01
7.985425806045532227e+01
8.026913809776306152e+01
8.068482136726379395e+01
8.110116362571716309e+01
8.191542410850524902e+01
8.233493733406066895e+01
8.275294232368469238e+01
8.316177082061767578e+01
8.394656634330749512e+01
8.437846779823303223e+01
8.477660989761352539e+01
8.519684362411499023e+01
8.602289390563964844e+01
8.644560933113098145e+01
8.686474108695983887e+01
8.727978301048278809e+01
8.809903192520141602e+01
8.851504182815551758e+01
8.893784666061401367e+01
8.935089755058288574e+01
9.018294715881347656e+01
9.059146356582641602e+01
9.101480937004089355e+01
9.143230652809143066e+01
9.223576140403747559e+01
9.266443777084350586e+01
9.306926560401916504e+01
9.349029254913330078e+01
9.432495713233947754e+01
9.474605751037597656e+01
9.514718413352966309e+01
9.556411671638488770e+01
9.638252615928649902e+01
9.680700874328613281e+01
9.723147130012512207e+01
9.765257501602172852e+01
9.847356748580932617e+01
9.889918923377990723e+01
9.931733465194702148e+01
9.973491954803466797e+01
1.005608408451080322e+02
1.009839372634887695e+02
1.014079761505126953e+02
1.018267602920532227e+02
1.026491000652313232e+02
1.030727803707122803e+02
1.034961233139038086e+02
1.039192361831665039e+02
1.047495028972625732e+02
1.051987242698669434e+02
1.056179926395416260e+02
1.060392642021179199e+02
1.068511481285095215e+02
1.072639474868774414e+02
1.076802277565002441e+02
1.080958185195922852e+02
1.089248273372650146e+02
1.093571419715881348e+02
1.097796277999877930e+02
1.101931509971618652e+02
1.110181729793548584e+02
1.114393160343170166e+02
1.118632659912109375e+02
1.122557597160339355e+02
1.130718350410461426e+02
1.134962377548217773e+02
1.139153933525085449e+02
1.143286719322204590e+02
1.151323573589324951e+02
1.155436973571777344e+02
1.159678812026977539e+02
1.163874106407165527e+02
1.172184560298919678e+02
1.176362411975860596e+02
1.180640141963958740e+02
1.184824728965759277e+02
1.193108823299407959e+02
1.197275452613830566e+02
1.201502647399902344e+02
1.205624706745147705e+02
1.213765735626220703e+02
1.218070836067199707e+02
1.221950893402099609e+02
1.226027085781097412e+02
1.234415080547332764e+02
1.238555760383605957e+02
1.242771303653717041e+02
1.246955056190490723e+02
1.255019071102142334e+02
1.259269990921020508e+02
1.263457989692687988e+02
1.267597453594207764e+02
1.275775604248046875e+02
1.280000033378601074e+02
1.284201378822326660e+02
1.288277876377105713e+02
1.296423282623291016e+02
1.300739588737487793e+02
1.304995467662811279e+02
1.309499070644378662e+02
1.317651836872100830e+02
1.321976897716522217e+02
1.326250073909759521e+02
1.330416417121887207e+02
1.338549220561981201e+02
1.342806954383850098e+02
1.347115504741668701e+02
1.351138722896575928e+02
1.359604666233062744e+02
1.363958623409271240e+02
1.368177573680877686e+02
1.372154817581176758e+02
1.380641496181488037e+02
1.384937648773193359e+02
1.389177882671356201e+02
1.393407614231109619e+02
1.401642169952392578e+02
1.405882647037506104e+02
1.410185229778289795e+02
1.414450409412384033e+02
1.422664639949798584e+02
1.426869766712188721e+02
1.431155881881713867e+02
1.435324001312255859e+02
1.443709635734558105e+02
1.447964987754821777e+02
1.452146656513214111e+02
1.456404242515563965e+02
1.464768974781036377e+02
1.468887925148010254e+02
1.472989134788513184e+02
1.477291965484619141e+02
1.485464115142822266e+02
1.489695174694061279e+02
1.493900353908538818e+02
1.498029160499572754e+02
1.506485433578491211e+02
1.510613677501678467e+02
1.514815208911895752e+02
1.519016833305358887e+02
1.527370572090148926e+02
1.531539063453674316e+02
1.535670182704925537e+02
1.539780721664428711e+02
1.548092629909515381e+02
1.552306013107299805e+02
1.556409521102905273e+02
1.560682427883148193e+02
1.568810534477233887e+02
1.573258929252624512e+02
1.577403244972229004e+02
1.581606540679931641e+02
1.589942834377288818e+02
1.594210901260375977e+02
1.598498480319976807e+02
1.602779457569122314e+02
1.611023786067962646e+02
1.615302114486694336e+02
1.619615788459777832e+02
1.623850483894348145e+02
1.632103722095489502e+02
1.636175518035888672e+02
1.640480771064758301e+02
1.644602851867675781e+02
1.652697663307189941e+02
1.656896610260009766e+02
1.661173548698425293e+02
1.665440702438354492e+02
1.673930416107177734e+02
1.678202710151672363e+02
1.682482714653015137e+02
1.686724531650543213e+02
1.695068280696868896e+02
1.699307811260223389e+02
1.703562030792236328e+02
1.707873523235321045e+02
1.715987606048583984e+02
1.720137691497802734e+02
1.724370465278625488e+02
1.728481006622314453e+02
1.736629369258880615e+02
1.740776453018188477e+02
1.744819860458374023e+02
1.749101080894470215e+02
1.757649161815643311e+02
1.761944346427917480e+02
1.766228003501892090e+02
1.770343728065490723e+02
1.778454194068908691e+02
1.782604994773864746e+02
1.786551017761230469e+02
1.790814964771270752e+02
1.799246404170989990e+02
1.803450410366058350e+02
1.807699213027954102e+02
1.811731166839599609e+02
1.819651622772216797e+02
1.823710293769836426e+02
1.827747671604156494e+02
1.832114045619964600e+02
1.840483574867248535e+02
1.844552581310272217e+02
1.848742780685424805e+02
1.852904410362243652e+02
1.861172027587890625e+02
1.865401308536529541e+02
1.869552400112152100e+02
1.873783714771270752e+02
1.882109620571136475e+02
1.886295170783996582e+02
1.890481545925140381e+02
1.894598438739776611e+02
1.902808926105499268e+02
1.906798143386840820e+02
1.911000015735626221e+02
1.915074586868286133e+02
1.923431284427642822e+02
1.927690775394439697e+02
1.931940562725067139e+02
1.936181657314300537e+02
1.944371120929718018e+02
1.948531134128570557e+02
1.952610645294189453e+02
1.956787669658660889e+02
1.965066323280334473e+02
1.969260673522949219e+02
1.973265781402587891e+02
1.977430140972137451e+02
1.985386555194854736e+02
1.989559495449066162e+02
1.993745610713958740e+02
1.997828617095947266e+02
2.006157779693603516e+02
2.010385463237762451e+02
2.014690258502960205e+02
2.018932979106903076e+02
2.026987652778625488e+02
2.031149268150329590e+02
2.035459756851196289e+02
2.039712040424346924e+02
2.048011355400085449e+02
2.052318558692932129e+02
2.056583480834960938e+02
2.060782809257507324e+02
2.068977923393249512e+02
2.073195655345916748e+02
2.077291088104248047e+02
2.081518795490264893e+02
2.089693393707275391e+02
2.094184348583221436e+02
2.098416652679443359e+02
2.102706444263458252e+02
2.111011435985565186e+02
2.115242424011230469e+02
2.119393455982208252e+02
2.123547739982604980e+02
2.131668822765350342e+02
2.135839920043945312e+02
2.140112986564636230e+02
2.144342303276062012e+02
2.152647240161895752e+02
2.156839456558227539e+02
2.161067495346069336e+02
2.165246379375457764e+02
2.173555355072021484e+02
2.177731254100799561e+02
2.182054431438446045e+02
2.186309664249420166e+02
2.194773616790771484e+02
2.199068615436553955e+02
2.203401906490325928e+02
2.207704067230224609e+02
2.215543084144592285e+02
2.219731705188751221e+02
2.224010319709777832e+02
2.228290650844573975e+02
2.236663889884948730e+02
2.240813698768615723e+02
2.244906525611877441e+02
2.249084677696228027e+02
2.257226641178131104e+02
2.261466593742370605e+02
2.265620462894439697e+02
2.269805045127868652e+02
2.278190371990203857e+02
2.282298269271850586e+02
2.286521687507629395e+02
2.290697937011718750e+02
2.298597593307495117e+02
2.302773106098175049e+02
2.306868205070495605e+02
2.310873172283172607e+02
2.318768310546875000e+02
2.322902805805206299e+02
2.327078022956848145e+02
2.331089296340942383e+02
2.339182789325714111e+02
2.343276526927947998e+02
2.347465231418609619e+02
2.352000789642333984e+02
2.360264718532562256e+02
2.364556849002838135e+02
2.368759624958038330e+02
2.372985818386077881e+02
2.381274945735931396e+02
2.385559859275817871e+02
2.389808909893035889e+02
2.393998484611511230e+02
2.402390584945678711e+02
2.406647131443023682e+02
2.410918786525726318e+02
2.415126774311065674e+02
2.423180093765258789e+02
2.427419888973236084e+02
2.431553859710693359e+02
2.435523240566253662e+02
2.443647699356079102e+02
2.447808425426483154e+02
2.451790235042572021e+02
2.455891509056091309e+02
2.464095761775970459e+02
2.468286354541778564e+02
2.472453677654266357e+02
2.476621844768524170e+02
2.485028564929962158e+02
2.489240627288818359e+02
2.493343434333801270e+02
2.497585718631744385e+02
2.505641980171203613e+02
2.509833848476409912e+02
2.514047751426696777e+02
2.518209269046783447e+02
2.526251420974731445e+02
2.530489273071289062e+02
2.534800355434417725e+02
2.539115531444549561e+02
2.547398543357849121e+02
2.551683752536773682e+02
2.555997133255004883e+02
2.560272915363311768e+02
2.568627367019653320e+02
2.572878565788269043e+02
2.577122309207916260e+02
2.581218326091766357e+02
2.589632725715637207e+02
2.593933935165405273e+02
2.598169050216674805e+02
2.602378172874450684e+02
2.610778114795684814e+02
2.615134732723236084e+02
2.619347951412200928e+02
2.623594620227813721e+02
2.631971738338470459e+02
2.636205246448516846e+02
2.640350384712219238e+02
2.644495644569396973e+02
2.652895600795745850e+02
2.657147872447967529e+02
2.661340487003326416e+02
2.665567073822021484e+02
2.673950130939483643e+02
2.678104944229125977e+02
2.682109920978546143e+02
2.686346979141235352e+02
2.694313104152679443e+02
2.698501183986663818e+02
2.702714166641235352e+02
2.706895294189453125e+02
2.715159134864807129e+02
2.719219517707824707e+02
2.723327693939208984e+02
2.727585749626159668e+02
2.735698421001434326e+02
2.739663674831390381e+02
2.743947589397430420e+02
2.748213009834289551e+02
2.756677112579345703e+02
2.760674874782562256e+02
2.764714481830596924e+02
2.768844413757324219e+02
2.777143085002899170e+02
2.781314222812652588e+02
2.785470433235168457e+02
2.789731125831604004e+02
2.798140294551849365e+02
2.802350263595581055e+02
2.806624386310577393e+02
2.810798075199127197e+02
2.819079508781433105e+02
2.823289732933044434e+02
2.827305636405944824e+02
2.831549205780029297e+02
2.839937977790832520e+02
2.844019873142242432e+02
2.848142628669738770e+02
2.852267208099365234e+02
2.860340025424957275e+02
2.864530684947967529e+02
2.868703355789184570e+02
2.873174517154693604e+02
2.881551232337951660e+02
2.885689816474914551e+02
2.889978637695312500e+02
2.894274005889892578e+02
2.902639153003692627e+02
2.906839773654937744e+02
2.911070935726165771e+02
2.915306575298309326e+02
2.923542895317077637e+02
2.927661340236663818e+02
2.931711263656616211e+02
2.935709030628204346e+02
2.943982892036437988e+02
2.948073198795318604e+02
2.952205352783203125e+02
2.956243426799774170e+02
2.964125549793243408e+02
2.968338229656219482e+02
2.972502541542053223e+02
2.976572051048278809e+02
2.984810624122619629e+02
2.989032659530639648e+02
2.993087027072906494e+02
2.997161576747894287e+02
3.005557839870452881e+02
3.009782888889312744e+02
3.014043140411376953e+02
3.018260717391967773e+02
3.026495759487152100e+02
3.030734617710113525e+02
3.034711558818817139e+02
3.038761644363403320e+02
3.047120568752288818e+02
3.051403381824493408e+02
3.055710663795471191e+02
3.059909229278564453e+02
3.068134469985961914e+02
3.072279989719390869e+02
3.076570811271667480e+02
3.080795404911041260e+02
3.089152531623840332e+02
3.093478667736053467e+02
3.097704007625579834e+02
3.101942992210388184e+02
3.110275118350982666e+02
3.114466989040374756e+02
3.118778529167175293e+02
3.123035898208618164e+02
3.131371405124664307e+02
3.135820674896240234e+02
3.140040562152862549e+02
3.144243931770324707e+02
3.152363057136535645e+02
3.156556861400604248e+02
3.160641472339630127e+02
3.164871850013732910e+02
3.173041007518768311e+02
3.177329449653625488e+02
3.181572816371917725e+02
3.185699408054351807e+02
3.193945662975311279e+02
3.198131554126739502e+02
3.202266762256622314e+02
3.206431992053985596e+02
3.214552295207977295e+02
3.218822839260101318e+02
3.222948837280273438e+02
3.227150189876556396e+02
3.235338866710662842e+02
3.239606575965881348e+02
3.243805522918701172e+02
3.247995874881744385e+02
3.256260521411895752e+02
3.260393044948577881e+02
3.264552509784698486e+02
3.268725552558898926e+02
3.277011489868164062e+02
3.280756843090057373e+02
3.284425058364868164e+02
3.288136219978332520e+02
3.296336200237274170e+02
3.300616114139556885e+02
3.304856617450714111e+02
3.309047682285308838e+02
3.317158777713775635e+02
3.321200199127197266e+02
3.325353896617889404e+02
3.329543335437774658e+02
3.337656049728393555e+02
3.341958808898925781e+02
3.346154489517211914e+02
3.350377066135406494e+02
3.358389396667480469e+02
3.362732424736022949e+02
3.366898055076599121e+02
3.371088490486145020e+02
3.379216403961181641e+02
3.383481523990631104e+02
3.387711598873138428e+02
3.392017209529876709e+02
3.400364370346069336e+02
3.404674246311187744e+02
3.408895654678344727e+02
3.413003511428833008e+02
3.421150717735290527e+02
3.425375447273254395e+02
3.429566085338592529e+02
3.433631567955017090e+02
3.442005507946014404e+02
3.446295053958892822e+02
3.450274438858032227e+02
3.454481201171875000e+02
3.462740795612335205e+02
3.466905145645141602e+02
3.471067323684692383e+02
3.475266015529632568e+02
3.483610000610351562e+02
3.487861759662628174e+02
3.492137556076049805e+02
3.496244430541992188e+02
3.504273686408996582e+02
3.508527572154998779e+02
3.512657911777496338e+02
3.516906001567840576e+02
3.525111796855926514e+02
3.529354760646820068e+02
3.533598816394805908e+02
3.537785515785217285e+02
3.545976371765136719e+02
3.550134224891662598e+02
3.554321053028106689e+02
3.558450233936309814e+02
3.566604506969451904e+02
3.570908169746398926e+02
3.575077815055847168e+02
3.579001901149749756e+02
3.587417480945587158e+02
3.591681799888610840e+02
3.595882461071014404e+02
3.600101981163024902e+02
3.608065993785858154e+02
3.612400839328765869e+02
3.616531519889831543e+02
3.620721471309661865e+02
3.629000477790832520e+02
3.633277685642242432e+02
3.637459762096405029e+02
3.641518294811248779e+02
3.649716558456420898e+02
3.654212870597839355e+02
3.658383371829986572e+02
3.662604031562805176e+02
3.670737631320953369e+02
3.674941473007202148e+02
3.679159321784973145e+02
3.683427627086639404e+02
3.691853742599487305e+02
3.696142940521240234e+02
3.700410194396972656e+02
3.704604804515838623e+02
3.712801094055175781e+02
3.716990363597869873e+02
3.720986976623535156e+02
3.724867846965789795e+02
3.733027710914611816e+02
3.737368488311767578e+02
3.741560354232788086e+02
3.745576398372650146e+02
3.753658833503723145e+02
3.757900574207305908e+02
3.762092463970184326e+02
3.766234309673309326e+02
3.774453723430633545e+02
3.778651990890502930e+02
3.782604482173919678e+02
3.786769592761993408e+02
3.794920704364776611e+02
3.799176974296569824e+02
3.803421554565429688e+02
3.807615671157836914e+02
3.815954484939575195e+02
3.820146930217742920e+02
3.824448280334472656e+02
3.828678975105285645e+02
3.836729824542999268e+02
3.840982723236083984e+02
3.844949464797973633e+02
3.848981256484985352e+02
3.857239358425140381e+02
3.861533756256103516e+02
3.865803313255310059e+02
3.870031313896179199e+02
3.878314776420593262e+02
3.882454147338867188e+02
3.886674375534057617e+02
3.890871810913085938e+02
3.899169712066650391e+02
3.903449177742004395e+02
3.907649083137512207e+02
3.912029821872711182e+02
3.920442757606506348e+02
3.924664440155029297e+02
3.928918764591217041e+02
3.933111915588378906e+02
3.941249651908874512e+02
3.945461218357086182e+02
3.949600570201873779e+02
3.953545296192169189e+02
3.961777689456939697e+02
3.965947332382202148e+02
3.970196704864501953e+02
3.974291679859161377e+02
3.982647290229797363e+02
3.986872529983520508e+02
3.991040608882904053e+02
3.995094506740570068e+02
4.003271539211273193e+02
4.007593600749969482e+02
4.011626410484313965e+02
4.015822429656982422e+02
4.024265143871307373e+02
4.028545227050781250e+02
4.032777144908905029e+02
4.036951799392700195e+02
4.044935030937194824e+02
4.049087219238281250e+02
4.053334791660308838e+02
4.057528781890869141e+02
4.065742177963256836e+02
4.069972262382507324e+02
4.074146332740783691e+02
4.078284034729003906e+02
4.086456360816955566e+02
4.090773470401763916e+02
4.095016536712646484e+02
4.099111428260803223e+02
4.107356364727020264e+02
4.111603047847747803e+02
4.115715088844299316e+02
4.119833748340606689e+02
4.127916319370269775e+02
4.132266340255737305e+02
4.136522483825683594e+02
4.140639739036560059e+02
4.148835875988006592e+02
4.153066987991333008e+02
4.157283444404602051e+02
4.161539463996887207e+02
4.169624071121215820e+02
4.174093747138977051e+02
4.178317396640777588e+02
4.182545135021209717e+02
4.190858666896820068e+02
4.195072131156921387e+02
4.199241757392883301e+02
4.203219537734985352e+02
4.211344976425170898e+02
4.215642757415771484e+02
4.219852263927459717e+02
4.224034299850463867e+02
4.232240710258483887e+02
4.236372513771057129e+02
4.240586752891540527e+02
4.244735674858093262e+02
4.253067049980163574e+02
4.257340729236602783e+02
4.261635441780090332e+02
4.265825512409210205e+02
4.274115214347839355e+02
4.278372347354888916e+02
4.282435669898986816e+02
4.286634452342987061e+02
4.294945797920227051e+02
4.299085149765014648e+02
4.303256754875183105e+02
4.307358319759368896e+02
4.315631170272827148e+02
4.319867036342620850e+02
4.324036951065063477e+02
4.328218383789062500e+02
4.336585900783538818e+02
4.340733757019042969e+02
4.344952614307403564e+02
4.349143128395080566e+02
4.357527225017547607e+02
4.361707856655120850e+02
4.365732371807098389e+02
4.369833557605743408e+02
4.378107111454010010e+02
4.382354028224945068e+02
4.386615049839019775e+02
4.390718095302581787e+02
4.399056246280670166e+02
4.403266043663024902e+02
4.407490665912628174e+02
4.411663863658905029e+02
4.419844861030578613e+02
4.424168465137481689e+02
4.428391861915588379e+02
4.432855343818664551e+02
4.441183094978332520e+02
4.445536489486694336e+02
4.449852216243743896e+02
4.454169237613677979e+02
4.462443773746490479e+02
4.466629631519317627e+02
4.470904185771942139e+02
4.475184023380279541e+02
4.483530955314636230e+02
4.487929012775421143e+02
4.492190918922424316e+02
4.496441247463226318e+02
4.504639203548431396e+02
4.508950819969177246e+02
4.513268728256225586e+02
4.517559792995452881e+02
4.525940220355987549e+02
4.530210785865783691e+02
4.534446566104888916e+02
4.538452484607696533e+02
4.546848888397216797e+02
4.551137316226959229e+02
4.555406658649444580e+02
4.559527585506439209e+02
4.567586071491241455e+02
4.571867949962615967e+02
4.576174471378326416e+02
4.580444676876068115e+02
4.588897862434387207e+02
4.593183720111846924e+02
4.597454295158386230e+02
4.601756513118743896e+02
4.610186688899993896e+02
4.614294328689575195e+02
4.618599429130554199e+02
4.622692570686340332e+02
4.631118125915527344e+02
4.635311965942382812e+02
4.639615967273712158e+02
4.643788793087005615e+02
4.652225499153137207e+02
4.656372337341308594e+02
4.660525665283203125e+02
4.664833221435546875e+02
4.673036701679229736e+02
4.677397849559783936e+02
4.681718282699584961e+02
4.686000769138336182e+02
4.694162459373474121e+02
4.698668856620788574e+02
4.702878880500793457e+02
4.707205212116241455e+02
4.715553376674652100e+02
4.719933385848999023e+02
4.724233486652374268e+02
4.728404831886291504e+02
4.736668233871459961e+02
4.740887532234191895e+02
4.745138826370239258e+02
4.749306209087371826e+02
4.757697627544403076e+02
4.761939961910247803e+02
4.765978434085845947e+02
4.770114843845367432e+02
4.777915563583374023e+02
4.782216479778289795e+02
4.786400985717773438e+02
4.790596237182617188e+02
4.798800380229949951e+02
4.803060705661773682e+02
4.807176249027252197e+02
4.811308259963989258e+02
4.819473311901092529e+02
4.823741483688354492e+02
4.828037152290344238e+02
4.832246389389038086e+02
4.840624840259552002e+02
4.844972631931304932e+02
4.849183859825134277e+02
4.853309559822082520e+02
4.861511445045471191e+02
4.865688972473144531e+02
4.869860460758209229e+02
4.874159057140350342e+02
4.882503561973571777e+02
4.886793608665466309e+02
4.890937099456787109e+02
4.895186467170715332e+02
4.903526811599731445e+02
4.907721590995788574e+02
4.911827175617218018e+02
4.916100294589996338e+02
4.924217708110809326e+02
4.928521203994750977e+02
4.932775900363922119e+02
4.937044003009796143e+02
4.945399785041809082e+02
4.949442481994628906e+02
4.953501443862915039e+02
4.958025224208831787e+02
4.966324868202209473e+02
4.970491478443145752e+02
4.974777629375457764e+02
4.979053618907928467e+02
4.987383248805999756e+02
4.991694166660308838e+02
4.995961627960205078e+02
5.000035240650177002e+02
5.008225970268249512e+02
5.012460386753082275e+02
5.016726996898651123e+02
5.020998663902282715e+02
5.029303705692291260e+02
5.033587839603424072e+02
5.037692553997039795e+02
5.041769683361053467e+02
5.050005233287811279e+02
5.054158003330230713e+02
5.058272669315338135e+02
5.062404465675354004e+02
5.070704634189605713e+02
5.074942758083343506e+02
5.079170043468475342e+02
5.083324084281921387e+02
5.091700079441070557e+02
5.095690600872039795e+02
5.099907057285308838e+02
5.104159977436065674e+02
5.112214698791503906e+02
5.116358907222747803e+02
5.120528752803802490e+02
5.124645483493804932e+02
5.133073573112487793e+02
5.137394132614135742e+02
5.141612038612365723e+02
5.145857267379760742e+02
5.154225938320159912e+02
5.158475415706634521e+02
5.162719349861145020e+02
5.166985936164855957e+02
5.175353305339813232e+02
5.179708158969879150e+02
5.183900325298309326e+02
5.188029422760009766e+02
5.196322987079620361e+02
5.200507774353027344e+02
5.204807667732238770e+02
5.209055476188659668e+02
